"Saanich_010"	"Saanich_100"	"Saanich_120"	"Saanich_135"	"Saanich_150"	"Saanich_165"	"Saanich_200"
"Asv1"	86	0	0	0	0	0	0
"Asv2"	72	0	0	0	0	0	0
"Asv3"	0	0	0	0	0	15	0
"Asv4"	0	0	0	0	0	0	5
"Asv5"	0	20	22	0	0	0	0
"Asv6"	0	0	43	0	0	0	0
"Asv7"	0	0	0	0	0	26	0
"Asv8"	0	0	0	0	17	0	0
"Asv9"	0	0	0	13	0	0	0
"Asv10"	47	0	0	0	0	0	0
"Asv11"	0	0	31	36	0	0	0
"Asv12"	21	0	0	0	0	0	0
"Asv13"	0	0	0	0	91	0	0
"Asv14"	0	0	0	0	0	0	63
"Asv15"	0	59	42	0	0	31	0
"Asv16"	0	0	34	0	0	14	0
"Asv17"	0	0	13	0	0	0	0
"Asv18"	0	24	0	0	0	0	0
"Asv19"	40	77	58	29	0	35	0
"Asv20"	0	0	9	0	11	0	0
"Asv21"	0	0	0	0	0	0	17
"Asv22"	0	52	35	25	0	0	0
"Asv23"	46	125	56	33	0	21	0
"Asv24"	0	41	0	0	0	0	0
"Asv25"	74	0	31	29	0	0	0
"Asv26"	23	0	0	0	0	0	0
"Asv27"	85	988	1502	1659	1320	247	0
"Asv28"	0	0	4	0	0	0	0
"Asv29"	0	0	5	0	0	0	0
"Asv30"	0	89	47	41	48	68	0
"Asv31"	0	52	43	0	0	0	0
"Asv32"	0	0	0	67	0	0	0
"Asv33"	0	55	0	0	0	0	0
"Asv34"	0	0	0	46	27	157	0
"Asv35"	17	46	35	0	21	0	0
"Asv36"	0	64	30	62	0	0	0
"Asv37"	0	0	0	31	88	33	0
"Asv38"	49	88	69	35	0	0	0
"Asv39"	0	0	23	0	0	0	0
"Asv40"	0	0	0	0	0	0	14
"Asv41"	0	0	0	0	0	0	13
"Asv42"	0	0	16	0	0	0	0
"Asv43"	0	0	0	0	0	32	0
"Asv44"	0	0	0	0	0	29	0
"Asv45"	0	0	17	0	0	0	0
"Asv46"	0	0	0	0	0	0	8
"Asv47"	0	25	0	0	0	0	0
"Asv48"	216	47	96	73	56	0	0
"Asv49"	0	0	0	0	0	0	33
"Asv50"	0	28	38	44	0	0	0
"Asv51"	0	0	0	0	0	43	0
"Asv52"	0	20	57	0	23	0	0
"Asv53"	0	0	4	0	0	0	0
"Asv54"	0	21	34	0	0	0	0
"Asv55"	336	0	0	57	0	0	0
"Asv56"	0	0	0	0	0	0	8
"Asv57"	0	23	0	0	0	0	0
"Asv58"	0	24	0	0	0	0	0
"Asv59"	0	269	116	46	39	0	0
"Asv60"	0	0	0	0	0	27	0
"Asv61"	23	0	0	0	0	0	0
"Asv62"	0	0	0	0	0	0	40
"Asv63"	0	0	0	0	0	0	25
"Asv64"	0	16	0	0	0	0	0
"Asv65"	13	6	0	0	0	0	0
"Asv66"	139	29	0	0	19	0	0
"Asv67"	0	20	0	0	0	0	0
"Asv68"	0	0	35	0	0	0	0
"Asv69"	0	26	0	0	28	34	0
"Asv70"	0	0	0	0	0	0	13
"Asv71"	0	0	69	0	0	0	0
"Asv72"	0	0	0	12	0	0	0
"Asv73"	0	0	15	0	0	0	0
"Asv74"	0	0	0	0	0	0	59
"Asv75"	34	0	0	0	0	0	0
"Asv76"	0	0	0	0	0	62	0
"Asv77"	0	0	0	0	0	44	0
"Asv78"	0	0	0	0	0	0	7
"Asv79"	0	44	0	0	0	0	0
"Asv80"	0	0	19	0	0	0	0
"Asv81"	0	0	0	0	0	0	4
"Asv82"	0	0	0	34	0	0	0
"Asv83"	104	0	0	0	17	0	0
"Asv84"	0	49	0	0	0	0	0
"Asv85"	146	108	63	67	50	0	0
"Asv86"	32	15	0	0	0	0	0
"Asv87"	382	48	32	0	0	10	0
"Asv88"	66	128	110	63	43	145	0
"Asv89"	0	0	0	0	0	0	61
"Asv90"	0	0	0	12	0	0	0
"Asv91"	0	0	10	0	0	0	0
"Asv92"	0	0	0	0	17	0	0
"Asv93"	0	0	0	0	0	0	22
"Asv94"	45	43	44	0	0	43	0
"Asv95"	0	0	0	0	0	19	0
"Asv96"	0	0	0	5	0	0	0
"Asv97"	0	34	0	0	0	0	0
"Asv98"	138	1468	1291	631	292	125	0
"Asv99"	0	0	29	0	0	0	0
"Asv100"	0	0	83	0	0	0	0
"Asv101"	0	0	0	18	23	34	0
"Asv102"	0	0	39	0	0	0	0
"Asv103"	0	0	0	0	29	0	0
"Asv104"	0	0	0	5	0	0	0
"Asv105"	0	0	0	38	0	0	0
"Asv106"	0	55	53	0	14	0	0
"Asv107"	0	0	0	0	0	9	0
"Asv108"	0	0	13	0	0	0	0
"Asv109"	19	277	174	50	40	43	0
"Asv110"	0	0	0	0	0	14	0
"Asv111"	0	54	74	32	44	53	0
"Asv112"	0	6	0	0	0	0	0
"Asv113"	0	12	9	0	5	0	0
"Asv114"	0	0	39	46	0	49	0
"Asv115"	0	0	0	0	0	0	13
"Asv116"	0	34	43	18	10	0	0
"Asv117"	0	0	0	0	0	0	28
"Asv118"	0	0	0	0	0	0	70
"Asv119"	0	0	0	0	0	0	240
"Asv120"	0	48	20	0	0	57	0
"Asv121"	0	0	0	0	0	0	25
"Asv122"	0	0	0	0	0	0	48
"Asv123"	383	29	0	0	0	23	0
"Asv124"	0	39	0	0	0	0	0
"Asv125"	0	0	25	37	27	0	0
"Asv126"	0	0	23	0	0	0	0
"Asv127"	0	0	0	0	0	0	47
"Asv128"	0	0	0	0	11	0	0
"Asv129"	0	49	0	0	0	0	0
"Asv130"	0	0	0	0	0	0	35
"Asv131"	45	0	0	0	0	0	0
"Asv132"	0	29	0	0	0	0	0
"Asv133"	0	0	71	102	109	0	0
"Asv134"	0	0	0	0	0	16	0
"Asv135"	292	63	58	0	0	0	0
"Asv136"	0	0	0	0	0	0	60
"Asv137"	0	45	0	0	0	0	0
"Asv138"	136	97	66	36	0	26	0
"Asv139"	0	0	0	0	0	26	0
"Asv140"	0	88	58	0	33	0	0
"Asv141"	214	0	0	0	0	0	0
"Asv142"	0	0	0	0	0	0	40
"Asv143"	0	0	0	89	0	0	0
"Asv144"	38	0	0	0	0	0	0
"Asv145"	0	0	15	0	36	48	0
"Asv146"	750	557	332	281	187	206	0
"Asv147"	0	0	0	0	0	0	54
"Asv148"	0	0	0	0	0	58	0
"Asv149"	0	0	72	27	0	0	0
"Asv150"	0	30	0	65	0	0	0
"Asv151"	0	0	0	0	0	0	57
"Asv152"	0	0	47	0	0	0	0
"Asv153"	0	81	85	0	0	0	0
"Asv154"	0	0	0	0	0	0	16
"Asv155"	0	0	0	0	47	0	0
"Asv156"	0	0	46	13	0	0	0
"Asv157"	0	0	0	0	0	15	0
"Asv158"	0	0	0	0	28	0	0
"Asv159"	0	14	47	0	0	33	0
"Asv160"	0	112	123	98	46	0	0
"Asv161"	0	0	0	0	0	0	59
"Asv162"	0	0	0	0	0	8	0
"Asv163"	74	1250	1545	1760	1478	221	0
"Asv164"	0	25	0	0	0	0	0
"Asv165"	0	0	0	0	0	39	0
"Asv166"	125	49	40	0	0	0	0
"Asv167"	0	0	0	0	0	0	12
"Asv168"	0	0	0	0	0	14	0
"Asv169"	109	0	0	33	11	0	0
"Asv170"	0	0	32	0	0	0	0
"Asv171"	122	0	0	0	0	0	0
"Asv172"	0	0	0	25	0	0	0
"Asv173"	22	35	25	0	44	0	0
"Asv174"	0	0	0	0	0	0	26
"Asv175"	0	0	0	0	53	0	0
"Asv176"	20	0	0	0	0	0	0
"Asv177"	0	0	0	0	0	17	0
"Asv178"	0	0	0	0	5	42	0
"Asv179"	0	0	0	3	0	0	0
"Asv180"	0	0	0	0	0	0	22
"Asv181"	0	0	10	0	0	0	0
"Asv182"	33	14	0	0	0	0	0
"Asv183"	0	0	0	37	48	0	0
"Asv184"	0	0	0	49	36	47	0
"Asv185"	0	0	12	0	0	0	0
"Asv186"	0	97	71	45	45	0	0
"Asv187"	0	46	73	18	0	0	0
"Asv188"	12	47	208	292	511	162	0
"Asv189"	0	0	0	0	0	0	54
"Asv190"	0	0	0	0	0	0	5
"Asv191"	2570	412	288	186	79	37	0
"Asv192"	0	0	0	0	0	14	0
"Asv193"	0	0	0	0	0	0	51
"Asv194"	0	0	0	0	0	0	10
"Asv195"	525	57	44	48	0	0	0
"Asv196"	0	33	0	0	0	0	0
"Asv197"	0	12	0	0	0	0	0
"Asv198"	0	0	0	0	0	6	0
"Asv199"	0	0	0	0	0	15	0
"Asv200"	152	1301	697	172	52	51	0
"Asv201"	0	38	0	0	0	0	0
"Asv202"	0	9	0	0	0	0	0
"Asv203"	0	55	0	0	0	0	0
"Asv204"	97	61	56	20	0	0	0
"Asv205"	0	0	9	0	0	0	0
"Asv206"	0	0	0	0	22	0	0
"Asv207"	0	0	0	0	0	0	45
"Asv208"	0	0	30	32	71	67	0
"Asv209"	0	26	0	0	0	40	0
"Asv210"	0	31	27	0	0	0	0
"Asv211"	0	0	0	0	7	0	0
"Asv212"	0	28	28	46	0	0	0
"Asv213"	1039	94	54	59	25	50	0
"Asv214"	0	33	23	0	20	0	0
"Asv215"	61	0	0	0	0	0	0
"Asv216"	30	0	0	0	0	0	0
"Asv217"	0	0	40	0	0	0	0
"Asv218"	20	30	21	0	16	8	0
"Asv219"	0	16	0	0	26	0	0
"Asv220"	0	0	0	0	0	0	18
"Asv221"	0	0	0	0	0	30	0
"Asv222"	0	0	0	0	0	0	114
"Asv223"	0	0	0	0	0	0	6
"Asv224"	0	0	0	0	0	0	7
"Asv225"	0	15	0	0	0	0	0
"Asv226"	0	0	36	0	37	36	0
"Asv227"	0	59	37	0	0	0	0
"Asv228"	0	37	33	0	24	19	0
"Asv229"	0	0	0	0	0	0	63
"Asv230"	0	0	0	14	0	0	0
"Asv231"	0	0	0	0	13	0	0
"Asv232"	0	239	235	122	67	0	0
"Asv233"	233	27	0	32	0	0	0
"Asv234"	0	0	0	0	0	0	48
"Asv235"	0	0	27	0	0	0	0
"Asv236"	0	0	0	0	20	0	0
"Asv237"	0	5	5	46	22	86	0
"Asv238"	20	43	0	0	0	0	0
"Asv239"	0	0	0	12	0	0	0
"Asv240"	0	0	0	0	0	0	152
"Asv241"	60	0	0	0	0	0	0
"Asv242"	0	90	87	0	0	0	0
"Asv243"	0	271	159	74	30	68	0
"Asv244"	0	0	0	6	0	0	0
"Asv245"	0	0	0	0	0	0	27
"Asv246"	28	59	34	0	0	0	0
"Asv247"	0	0	0	0	0	0	22
"Asv248"	0	0	0	0	0	0	4
"Asv249"	762	0	0	42	0	0	0
"Asv250"	0	0	0	0	0	0	98
"Asv251"	0	0	0	0	0	0	59
"Asv252"	38	677	1249	783	638	1954	0
"Asv253"	0	0	0	0	0	0	205
"Asv254"	0	18	0	0	0	0	0
"Asv255"	15	0	0	0	0	0	0
"Asv256"	0	16	50	0	22	0	0
"Asv257"	0	60	46	0	0	0	0
"Asv258"	0	0	0	0	0	0	7
"Asv259"	0	0	0	3	0	0	0
"Asv260"	0	87	69	15	0	0	0
"Asv261"	235	4181	12047	15429	23687	27108	0
"Asv262"	33	0	0	0	0	0	0
"Asv263"	85	115	89	133	66	40	0
"Asv264"	0	15	0	0	0	0	0
"Asv265"	0	0	0	0	0	0	20
"Asv266"	0	0	23	0	40	30	0
"Asv267"	0	0	0	0	88	0	0
"Asv268"	33	405	896	940	771	130	0
"Asv269"	0	64	0	28	0	0	0
"Asv270"	0	0	0	0	0	28	0
"Asv271"	0	0	0	0	0	0	44
"Asv272"	0	0	48	35	34	33	0
"Asv273"	0	0	0	23	0	0	0
"Asv274"	0	0	0	0	0	66	0
"Asv275"	0	0	27	0	0	0	0
"Asv276"	0	112	84	46	31	36	0
"Asv277"	0	0	0	61	85	41	0
"Asv278"	0	0	0	0	0	0	52
"Asv279"	0	16	0	0	11	0	0
"Asv280"	21	0	0	0	0	0	0
"Asv281"	0	0	0	0	0	0	11
"Asv282"	0	0	0	13	16	0	0
"Asv283"	0	0	0	0	15	0	0
"Asv284"	66	392	393	372	370	290	0
"Asv285"	8	0	0	0	0	0	0
"Asv286"	0	0	26	0	0	0	0
"Asv287"	0	0	24	0	0	0	0
"Asv288"	0	0	0	0	0	0	14
"Asv289"	0	11	0	0	0	0	0
"Asv290"	0	0	0	24	10	0	0
"Asv291"	0	17	31	36	0	19	0
"Asv292"	0	125	66	55	29	0	0
"Asv293"	114	0	0	0	0	0	0
"Asv294"	93	0	0	28	0	0	0
"Asv295"	0	20	29	22	0	0	0
"Asv296"	11	0	0	0	0	0	0
"Asv297"	31	0	0	0	0	0	0
"Asv298"	0	0	0	0	0	0	32
"Asv299"	0	0	0	0	0	0	35
"Asv300"	0	0	0	15	0	0	0
"Asv301"	0	29	41	0	0	0	0
"Asv302"	0	0	0	40	48	0	0
"Asv303"	0	0	9	0	0	0	0
"Asv304"	0	0	0	0	30	0	0
"Asv305"	0	12	0	0	0	0	0
"Asv306"	0	0	0	8	0	0	0
"Asv307"	0	0	0	0	24	0	0
"Asv308"	0	94	81	41	24	0	0
"Asv309"	0	64	50	0	0	0	0
"Asv310"	0	0	0	0	0	0	34
"Asv311"	0	0	0	0	24	0	0
"Asv312"	0	40	52	0	0	0	0
"Asv313"	55	0	36	51	0	0	0
"Asv314"	0	0	0	0	7	0	0
"Asv315"	0	0	10	0	0	0	0
"Asv316"	0	11	43	0	56	16	0
"Asv317"	0	4	0	0	0	0	0
"Asv318"	511	216	142	91	37	31	0
"Asv319"	0	0	0	0	0	0	38
"Asv320"	0	0	12	0	0	0	0
"Asv321"	0	0	0	13	0	0	0
"Asv322"	0	12	0	0	0	0	0
"Asv323"	0	64	37	31	0	0	0
"Asv324"	0	32	0	0	0	0	0
"Asv325"	0	99	78	21	24	0	0
"Asv326"	0	0	0	18	0	0	0
"Asv327"	0	0	49	78	75	73	0
"Asv328"	39	122	51	42	23	0	0
"Asv329"	0	8	0	0	0	0	0
"Asv330"	33	0	0	0	0	0	0
"Asv331"	0	0	0	0	0	51	0
"Asv332"	0	0	0	42	0	32	0
"Asv333"	0	46	45	0	0	0	0
"Asv334"	38	0	36	0	21	0	0
"Asv335"	0	0	0	20	14	0	0
"Asv336"	0	0	0	0	0	0	19
"Asv337"	0	15	0	0	0	0	0
"Asv338"	0	78	99	38	78	0	0
"Asv339"	44	0	0	0	0	0	0
"Asv340"	0	37	0	18	19	0	0
"Asv341"	0	4	0	0	0	0	0
"Asv342"	0	0	0	0	0	0	24
"Asv343"	0	0	0	0	0	39	0
"Asv344"	101	0	0	0	0	0	0
"Asv345"	0	0	0	0	0	0	27
"Asv346"	0	0	0	0	16	0	0
"Asv347"	2696	159	127	133	40	0	0
"Asv348"	88	206	197	129	68	23	0
"Asv349"	0	0	46	16	0	0	0
"Asv350"	75	0	0	22	0	0	0
"Asv351"	77	0	0	0	0	0	0
"Asv352"	0	0	0	37	19	0	0
"Asv353"	0	0	0	0	0	0	6
"Asv354"	0	0	0	0	0	0	68
"Asv355"	0	0	48	0	0	21	0
"Asv356"	46	0	0	0	0	0	0
"Asv357"	40	18	41	0	0	0	0
"Asv358"	0	0	0	0	0	0	46
"Asv359"	0	0	0	0	0	30	0
"Asv360"	0	0	0	0	0	0	62
"Asv361"	0	0	15	0	0	0	0
"Asv362"	0	53	0	0	0	0	0
"Asv363"	0	0	0	17	0	0	0
"Asv364"	4	0	0	0	0	0	0
"Asv365"	17	0	0	0	0	0	0
"Asv366"	0	0	0	16	0	0	0
"Asv367"	194	118	88	50	50	0	0
"Asv368"	0	0	0	0	0	11	0
"Asv369"	0	49	38	76	116	1445	0
"Asv370"	0	0	41	0	0	0	0
"Asv371"	0	0	0	0	8	0	0
"Asv372"	414	0	0	34	47	0	0
"Asv373"	0	0	0	13	0	0	0
"Asv374"	26	0	0	0	0	0	0
"Asv375"	0	84	0	0	0	0	0
"Asv376"	0	31	0	0	6	0	0
"Asv377"	1090	131	84	74	30	0	0
"Asv378"	0	0	0	0	0	0	24
"Asv379"	0	0	0	0	0	9	0
"Asv380"	0	0	0	0	8	0	0
"Asv381"	0	0	21	35	26	0	0
"Asv382"	399	84	53	41	0	9	0
"Asv383"	44	0	0	0	0	0	0
"Asv384"	0	0	0	0	0	0	44
"Asv385"	0	29	64	28	52	0	0
"Asv386"	0	27	31	0	0	0	0
"Asv387"	42	0	0	0	0	0	0
"Asv388"	0	0	0	16	0	0	0
"Asv389"	0	14	0	0	0	0	0
"Asv390"	33	0	0	0	0	0	0
"Asv391"	0	0	0	0	0	0	10
"Asv392"	0	0	0	0	0	0	49
"Asv393"	10	0	0	0	0	0	0
"Asv394"	0	0	0	0	0	0	40
"Asv395"	56	6	0	16	0	0	0
"Asv396"	4	0	0	21	0	0	0
"Asv397"	0	0	9	0	0	0	0
"Asv398"	147	0	0	0	0	0	0
"Asv399"	0	0	0	22	0	0	0
"Asv400"	0	0	0	0	0	0	5
"Asv401"	0	0	0	18	0	0	0
"Asv402"	0	0	0	0	0	5	0
"Asv403"	0	0	0	0	10	32	0
"Asv404"	46	0	0	0	0	0	0
"Asv405"	0	0	0	0	0	0	7
"Asv406"	0	0	0	0	0	0	43
"Asv407"	0	36	0	0	0	0	0
"Asv408"	0	17	0	26	74	61	0
"Asv409"	0	37	0	0	0	0	0
"Asv410"	67	0	0	0	0	0	0
"Asv411"	0	0	38	0	30	34	0
"Asv412"	505	0	0	45	0	32	0
"Asv413"	0	0	0	0	0	9	0
"Asv414"	0	0	0	0	22	0	0
"Asv415"	0	42	0	0	0	0	0
"Asv416"	0	0	0	0	11	17	0
"Asv417"	0	0	34	0	0	0	0
"Asv418"	0	0	12	0	0	0	0
"Asv419"	65	0	0	0	0	0	0
"Asv420"	0	0	31	0	0	0	0
"Asv421"	0	0	0	0	7	6	0
"Asv422"	0	0	0	13	9	0	0
"Asv423"	0	0	0	0	0	0	106
"Asv424"	20	0	0	0	6	0	0
"Asv425"	0	0	0	0	0	0	20
"Asv426"	0	23	0	13	0	0	0
"Asv427"	0	0	0	0	0	8	0
"Asv428"	0	0	20	36	49	30	0
"Asv429"	0	0	0	0	0	0	30
"Asv430"	10	0	0	0	0	0	0
"Asv431"	0	0	58	32	34	0	0
"Asv432"	43	100	58	0	0	0	0
"Asv433"	0	0	0	0	0	0	47
"Asv434"	0	0	0	0	0	0	7
"Asv435"	0	12	0	0	0	0	0
"Asv436"	0	0	0	0	0	0	34
"Asv437"	0	0	0	0	0	0	37
"Asv438"	0	25	0	0	0	0	0
"Asv439"	0	0	51	62	0	0	0
"Asv440"	0	0	0	0	0	0	30
"Asv441"	0	8	0	0	0	0	0
"Asv442"	0	16	0	15	0	0	0
"Asv443"	0	0	0	0	0	0	42
"Asv444"	0	0	0	0	0	65	0
"Asv445"	0	0	0	0	0	0	16
"Asv446"	27	111	68	34	0	0	0
"Asv447"	0	34	56	0	9	0	0
"Asv448"	0	0	0	0	0	0	7
"Asv449"	42	118	86	36	22	0	0
"Asv450"	0	0	0	0	0	0	1265
"Asv451"	204	533	320	255	128	29	0
"Asv452"	0	0	89	0	0	0	0
"Asv453"	0	0	22	28	31	0	0
"Asv454"	235	38	0	0	0	0	0
"Asv455"	0	26	0	0	0	0	0
"Asv456"	0	18	0	0	0	0	0
"Asv457"	0	34	0	0	0	0	0
"Asv458"	0	73	0	0	0	0	0
"Asv459"	0	6	0	0	0	0	0
"Asv460"	53	32	38	75	0	0	0
"Asv461"	0	0	0	0	6	0	0
"Asv462"	0	0	0	0	0	8	0
"Asv463"	0	0	16	0	13	0	0
"Asv464"	0	0	22	0	0	0	0
"Asv465"	0	0	11	0	0	0	0
"Asv466"	0	49	32	0	0	0	0
"Asv467"	0	0	0	0	10	0	0
"Asv468"	0	0	0	0	0	0	23
"Asv469"	0	0	0	0	0	0	10
"Asv470"	0	0	0	0	0	0	17
"Asv471"	0	5	0	0	0	0	0
"Asv472"	0	38	0	32	0	14	0
"Asv473"	0	0	0	0	0	41	0
"Asv474"	0	0	0	0	0	0	5
"Asv475"	0	30	18	0	22	0	0
"Asv476"	0	0	0	0	0	0	47
"Asv477"	0	0	0	0	0	21	0
"Asv478"	87	1925	3062	3740	3144	2496	0
"Asv479"	0	0	72	0	0	0	0
"Asv480"	26	0	0	0	0	0	0
"Asv481"	0	36	44	0	0	0	0
"Asv482"	0	0	21	11	0	0	0
"Asv483"	0	152	87	45	26	0	0
"Asv484"	0	0	23	19	0	60	0
"Asv485"	0	0	53	16	0	0	0
"Asv486"	0	0	66	64	60	0	0
"Asv487"	106	46	0	0	21	0	0
"Asv488"	0	107	62	67	0	0	0
"Asv489"	0	0	34	0	55	0	0
"Asv490"	0	0	0	13	32	0	0
"Asv491"	0	0	0	6	0	0	0
"Asv492"	0	0	44	0	0	0	0
"Asv493"	0	0	0	0	0	16	0
"Asv494"	0	0	50	0	28	20	0
"Asv495"	31	557	1700	2301	3155	6060	0
"Asv496"	0	0	0	0	0	0	6
"Asv497"	161	703	460	227	132	78	0
"Asv498"	0	0	0	18	0	0	0
"Asv499"	27	0	0	0	0	0	0
"Asv500"	0	33	39	40	26	0	0
"Asv501"	0	0	0	13	0	0	0
"Asv502"	0	0	0	0	0	0	31
"Asv503"	261	0	0	0	0	0	0
"Asv504"	0	43	0	0	0	0	0
"Asv505"	14	0	0	0	0	0	0
"Asv506"	54	914	563	220	93	43	0
"Asv507"	0	0	22	0	0	0	0
"Asv508"	0	0	0	0	0	0	49
"Asv509"	36	0	0	0	0	0	0
"Asv510"	0	0	38	0	0	11	0
"Asv511"	0	0	34	0	0	0	0
"Asv512"	34	0	0	0	0	0	0
"Asv513"	0	26	0	69	49	0	0
"Asv514"	0	0	0	0	0	0	27
"Asv515"	0	0	0	0	0	0	12
"Asv516"	45	933	1177	779	594	326	0
"Asv517"	0	0	33	0	43	0	0
"Asv518"	0	26	0	57	48	0	0
"Asv519"	0	0	13	0	0	0	0
"Asv520"	0	47	29	26	26	0	0
"Asv521"	0	0	0	45	0	0	0
"Asv522"	0	19	0	0	41	30	0
"Asv523"	0	0	0	0	0	7	0
"Asv524"	0	32	0	0	0	0	0
"Asv525"	48	0	20	0	0	0	0
"Asv526"	0	0	0	24	0	0	0
"Asv527"	0	25	46	37	55	563	0
"Asv528"	0	0	25	0	33	29	0
"Asv529"	0	0	0	0	58	0	0
"Asv530"	89	64	92	29	47	0	0
"Asv531"	0	0	18	0	0	0	0
"Asv532"	324	0	0	0	0	0	0
"Asv533"	0	0	0	0	0	0	188
"Asv534"	0	0	0	0	0	4	0
"Asv535"	0	0	0	4	0	0	0
"Asv536"	0	0	78	0	30	0	0
"Asv537"	0	0	23	0	0	0	0
"Asv538"	0	0	0	18	0	0	0
"Asv539"	0	0	0	0	0	34	0
"Asv540"	0	0	0	18	0	0	0
"Asv541"	58	0	48	0	0	0	0
"Asv542"	0	0	0	0	7	0	0
"Asv543"	25	0	0	0	0	0	0
"Asv544"	34	0	0	0	0	0	0
"Asv545"	0	0	0	0	0	0	19
"Asv546"	5	0	0	0	0	5	0
"Asv547"	0	0	0	0	0	0	13
"Asv548"	0	0	0	0	7	0	0
"Asv549"	0	0	0	0	0	67	0
"Asv550"	0	23	0	0	0	19	0
"Asv551"	16	0	15	20	0	0	0
"Asv552"	0	53	0	0	0	0	0
"Asv553"	0	24	0	0	0	0	0
"Asv554"	0	0	0	0	0	19	0
"Asv555"	0	0	0	0	0	0	27
"Asv556"	0	31	0	0	0	0	0
"Asv557"	0	0	0	0	0	10	0
"Asv558"	1167	42	30	47	27	0	0
"Asv559"	0	0	0	0	0	0	57
"Asv560"	9	0	16	0	0	0	0
"Asv561"	0	0	25	0	0	0	0
"Asv562"	0	0	0	0	0	0	2
"Asv563"	0	19	0	0	0	0	0
"Asv564"	0	32	0	24	0	0	0
"Asv565"	63	0	0	0	0	0	0
"Asv566"	0	0	0	0	0	0	36
"Asv567"	0	29	0	24	0	0	0
"Asv568"	0	0	0	4	0	0	0
"Asv569"	0	0	0	0	0	0	17
"Asv570"	0	0	35	0	0	0	0
"Asv571"	0	0	0	0	0	0	21
"Asv572"	0	0	0	14	19	0	0
"Asv573"	0	0	0	9	0	0	0
"Asv574"	0	0	0	0	0	0	106
"Asv575"	0	0	0	0	0	26	0
"Asv576"	0	24	0	0	0	0	0
"Asv577"	0	0	0	0	0	8	0
"Asv578"	0	0	0	0	0	0	41
"Asv579"	0	0	0	40	76	54	0
"Asv580"	0	24	0	0	0	65	0
"Asv581"	0	0	5	0	0	5	0
"Asv582"	19	385	191	78	42	63	0
"Asv583"	946	276	218	170	98	0	0
"Asv584"	32	57	34	37	0	0	0
"Asv585"	0	0	0	9	0	0	0
"Asv586"	203	0	63	75	0	0	0
"Asv587"	0	52	39	35	0	0	0
"Asv588"	0	0	0	0	0	0	26
"Asv589"	0	52	47	0	53	0	0
"Asv590"	0	0	0	0	0	0	12
"Asv591"	0	0	0	0	0	35	0
"Asv592"	58	59	0	0	0	0	0
"Asv593"	93	1938	1071	411	189	339	0
"Asv594"	0	0	0	0	0	0	39
"Asv595"	25	54	54	21	0	65	0
"Asv596"	0	38	0	0	0	0	0
"Asv597"	2	0	0	0	0	0	0
"Asv598"	0	0	43	0	19	0	0
"Asv599"	54	0	0	22	0	0	0
"Asv600"	0	0	0	16	0	0	0
"Asv601"	0	0	16	0	0	0	0
"Asv602"	0	73	0	0	0	0	0
"Asv603"	0	0	0	0	0	0	12
"Asv604"	0	0	0	0	0	0	12
"Asv605"	11	36	61	40	0	0	0
"Asv606"	561	0	0	27	0	0	0
"Asv607"	0	0	0	24	0	0	0
"Asv608"	0	0	0	0	0	0	51
"Asv609"	0	0	0	0	0	0	703
"Asv610"	0	0	0	0	0	0	48
"Asv611"	0	29	0	0	0	0	0
"Asv612"	0	0	0	0	0	0	16
"Asv613"	4	26	36	0	0	11	0
"Asv614"	0	0	0	0	19	0	0
"Asv615"	0	32	0	0	0	0	0
"Asv616"	124	0	0	0	0	0	0
"Asv617"	43	79	51	47	0	0	0
"Asv618"	24	109	57	0	30	0	0
"Asv619"	104	0	0	35	0	0	0
"Asv620"	0	34	28	0	32	0	0
"Asv621"	0	0	42	50	0	0	0
"Asv622"	0	53	114	53	0	0	0
"Asv623"	0	0	17	0	0	0	0
"Asv624"	0	0	0	0	0	13	0
"Asv625"	21	348	169	57	0	0	0
"Asv626"	0	38	0	14	0	0	0
"Asv627"	0	0	0	0	0	0	23
"Asv628"	0	0	9	0	0	0	0
"Asv629"	0	0	0	0	0	11	0
"Asv630"	6	0	0	0	0	0	0
"Asv631"	0	120	297	258	372	2155	0
"Asv632"	0	34	61	39	52	262	0
"Asv633"	0	0	0	0	0	0	37
"Asv634"	24	0	0	0	0	0	0
"Asv635"	0	2	0	0	0	0	0
"Asv636"	0	0	59	45	0	36	0
"Asv637"	0	0	0	0	0	0	33
"Asv638"	62	0	0	0	16	11	0
"Asv639"	0	0	0	0	0	16	0
"Asv640"	0	0	0	0	6	0	0
"Asv641"	43	0	33	0	0	0	0
"Asv642"	2016	7624	4454	1475	486	216	0
"Asv643"	0	0	60	0	0	0	0
"Asv644"	80	646	351	155	48	65	0
"Asv645"	0	17	0	0	0	0	0
"Asv646"	0	26	0	9	0	0	0
"Asv647"	0	0	0	0	0	0	249
"Asv648"	0	0	33	0	16	68	0
"Asv649"	0	0	0	0	0	0	49
"Asv650"	0	0	0	0	9	0	0
"Asv651"	0	0	0	0	0	0	22
"Asv652"	35	0	0	0	0	0	0
"Asv653"	0	0	0	0	0	0	30
"Asv654"	0	0	55	0	19	0	0
"Asv655"	0	0	0	5	0	0	0
"Asv656"	0	254	96	56	0	30	0
"Asv657"	76	79	54	0	0	0	0
"Asv658"	0	0	0	0	0	35	0
"Asv659"	0	36	0	0	0	0	0
"Asv660"	0	0	47	0	45	0	0
"Asv661"	34	0	0	0	0	0	0
"Asv662"	0	25	0	0	0	15	0
"Asv663"	208	0	0	32	0	0	0
"Asv664"	0	39	0	0	0	0	0
"Asv665"	5	0	0	0	0	0	0
"Asv666"	232	120	0	0	0	31	0
"Asv667"	889	0	0	0	26	0	0
"Asv668"	0	0	0	0	0	0	41
"Asv669"	56	0	0	0	0	0	0
"Asv670"	0	32	0	0	0	0	0
"Asv671"	0	0	0	0	0	0	36
"Asv672"	0	0	32	0	27	63	0
"Asv673"	21	0	0	0	0	0	0
"Asv674"	36	101	76	28	0	0	0
"Asv675"	0	0	0	0	0	17	0
"Asv676"	0	0	56	0	0	55	0
"Asv677"	0	0	0	0	0	38	0
"Asv678"	479	243	152	77	27	0	0
"Asv679"	0	0	0	0	0	0	32
"Asv680"	0	0	0	0	45	0	0
"Asv681"	0	0	0	0	0	0	42
"Asv682"	73	0	0	0	0	0	0
"Asv683"	0	0	20	0	0	0	0
"Asv684"	393	23	36	28	0	0	0
"Asv685"	0	0	0	0	0	0	12
"Asv686"	0	32	47	0	0	13	0
"Asv687"	0	0	22	0	0	0	0
"Asv688"	81	18	0	0	0	0	0
"Asv689"	0	42	0	0	0	0	0
"Asv690"	0	0	0	0	0	0	5
"Asv691"	0	0	0	0	89	56	0
"Asv692"	25	0	0	0	0	0	0
"Asv693"	0	0	0	0	0	0	59
"Asv694"	0	0	0	0	0	0	17
"Asv695"	28	273	142	78	34	23	0
"Asv696"	124	293	202	85	32	0	0
"Asv697"	0	0	0	0	0	35	0
"Asv698"	0	20	0	0	0	0	0
"Asv699"	0	0	0	0	22	0	0
"Asv700"	31	0	0	0	0	0	0
"Asv701"	0	0	0	0	0	0	78
"Asv702"	0	0	7	0	14	0	0
"Asv703"	0	50	0	0	0	0	0
"Asv704"	0	0	0	0	6	0	0
"Asv705"	0	0	18	0	0	0	0
"Asv706"	483	41	52	0	36	0	0
"Asv707"	0	0	0	0	0	39	0
"Asv708"	0	0	0	0	0	0	240
"Asv709"	0	0	0	9	0	0	0
"Asv710"	0	0	11	0	0	0	0
"Asv711"	0	0	29	0	0	0	0
"Asv712"	53	0	0	0	0	0	0
"Asv713"	0	0	17	26	0	0	0
"Asv714"	0	7	0	0	0	0	0
"Asv715"	0	42	64	31	0	0	0
"Asv716"	0	0	0	0	0	0	3
"Asv717"	0	46	41	37	0	0	0
"Asv718"	0	33	38	43	17	47	0
"Asv719"	0	50	0	0	10	0	0
"Asv720"	0	0	0	0	3	0	0
"Asv721"	0	0	0	0	0	22	0
"Asv722"	0	142	156	61	57	126	0
"Asv723"	0	0	22	0	0	0	0
"Asv724"	99	1603	730	192	48	59	0
"Asv725"	0	0	0	0	0	0	26
"Asv726"	0	0	0	0	15	0	0
"Asv727"	0	0	0	24	30	45	0
"Asv728"	25	0	0	0	0	0	0
"Asv729"	21	53	0	40	0	0	0
"Asv730"	0	0	65	68	87	1027	0
"Asv731"	0	0	0	0	17	0	0
"Asv732"	0	0	0	38	40	29	0
"Asv733"	0	0	0	0	0	0	5
"Asv734"	0	0	0	0	0	0	12
"Asv735"	0	0	0	0	0	0	12
"Asv736"	0	0	0	0	0	0	60
"Asv737"	0	0	0	0	0	0	63
"Asv738"	0	0	0	0	0	0	17
"Asv739"	0	26	77	580	1502	824	0
"Asv740"	0	0	0	0	0	0	30
"Asv741"	0	0	13	0	0	71	0
"Asv742"	0	0	0	0	29	0	0
"Asv743"	0	18	12	0	0	0	0
"Asv744"	0	26	30	44	0	33	0
"Asv745"	0	0	0	0	0	0	18
"Asv746"	17	0	0	0	0	0	0
"Asv747"	0	43	0	0	0	0	0
"Asv748"	0	125	124	77	77	0	0
"Asv749"	0	0	21	0	0	0	0
"Asv750"	54	0	0	0	0	0	0
"Asv751"	0	538	647	351	245	99	0
"Asv752"	83	0	0	19	0	0	0
"Asv753"	0	0	0	20	0	0	0
"Asv754"	0	0	40	35	0	0	0
"Asv755"	0	0	0	0	34	0	0
"Asv756"	27	0	0	0	0	0	0
"Asv757"	0	0	0	0	0	4	0
"Asv758"	0	35	71	24	0	0	0
"Asv759"	0	0	0	0	49	0	0
"Asv760"	0	14	0	0	0	0	0
"Asv761"	0	0	0	0	0	13	0
"Asv762"	0	11	40	0	0	37	0
"Asv763"	0	27	39	27	52	0	0
"Asv764"	25	0	0	0	0	0	0
"Asv765"	0	0	0	0	0	0	6
"Asv766"	0	47	0	0	0	0	0
"Asv767"	39	17	32	21	0	0	0
"Asv768"	29	0	0	0	0	0	0
"Asv769"	0	0	0	0	0	0	4
"Asv770"	0	0	0	0	0	18	0
"Asv771"	46	0	0	0	0	0	0
"Asv772"	0	0	0	37	28	0	0
"Asv773"	0	0	0	39	31	0	0
"Asv774"	93	0	0	0	0	0	0
"Asv775"	0	0	0	0	0	0	16
"Asv776"	0	0	0	0	0	0	26
"Asv777"	0	0	41	0	0	0	0
"Asv778"	61	0	0	0	0	0	0
"Asv779"	0	11	0	0	0	0	0
"Asv780"	0	0	0	0	19	0	0
"Asv781"	0	0	0	0	0	0	23
"Asv782"	0	0	0	47	0	0	0
"Asv783"	0	0	0	0	0	0	9
"Asv784"	0	0	32	0	47	20	0
"Asv785"	0	0	0	0	0	0	22
"Asv786"	3	0	0	0	0	0	0
"Asv787"	0	0	0	0	0	0	30
"Asv788"	0	0	0	0	10	0	0
"Asv789"	0	0	0	19	0	27	0
"Asv790"	2	0	0	0	0	0	0
"Asv791"	0	0	0	0	0	0	11
"Asv792"	0	0	0	0	0	0	43
"Asv793"	25	0	0	0	0	0	0
"Asv794"	0	0	0	0	0	0	61
"Asv795"	0	0	0	17	0	0	0
"Asv796"	0	0	0	0	0	0	18
"Asv797"	0	0	0	0	0	26	0
"Asv798"	0	0	0	0	0	0	50
"Asv799"	0	219	240	114	68	18	0
"Asv800"	0	157	81	82	0	0	0
"Asv801"	0	0	6	13	0	44	0
"Asv802"	0	0	0	0	0	54	0
"Asv803"	0	0	0	0	0	18	0
"Asv804"	0	0	0	0	0	0	31
"Asv805"	326	44	53	22	0	0	0
"Asv806"	0	0	11	0	0	0	0
"Asv807"	42	0	0	0	0	0	0
"Asv808"	0	44	0	0	0	0	0
"Asv809"	0	0	37	0	0	0	0
"Asv810"	790	109	42	67	25	0	0
"Asv811"	0	0	0	0	0	31	0
"Asv812"	0	28	23	0	0	56	0
"Asv813"	0	11	0	0	0	0	0
"Asv814"	0	19	0	28	40	0	0
"Asv815"	53	0	0	0	0	0	0
"Asv816"	0	76	46	22	0	0	0
"Asv817"	12	0	0	0	21	6	0
"Asv818"	0	55	34	0	58	51	0
"Asv819"	27	0	0	0	0	0	0
"Asv820"	20	49	47	0	0	0	0
"Asv821"	0	0	0	0	0	0	8
"Asv822"	0	78	0	0	0	0	0
"Asv823"	0	64	310	360	337	1295	0
"Asv824"	0	0	0	0	0	0	57
"Asv825"	0	0	0	0	0	11	0
"Asv826"	0	0	0	0	0	0	46
"Asv827"	0	302	401	269	345	297	0
"Asv828"	0	0	72	41	0	0	0
"Asv829"	0	57	44	0	0	0	0
"Asv830"	0	29	48	65	34	17	0
"Asv831"	0	0	0	0	0	0	58
"Asv832"	0	25	18	0	0	0	0
"Asv833"	0	0	49	0	0	0	0
"Asv834"	0	0	0	0	0	6	0
"Asv835"	16	52	0	0	0	0	0
"Asv836"	0	43	0	0	0	0	0
"Asv837"	0	0	49	0	0	0	0
"Asv838"	0	46	0	13	0	0	0
"Asv839"	0	0	0	0	0	73	0
"Asv840"	0	0	0	0	0	0	8
"Asv841"	72	0	0	0	0	0	0
"Asv842"	0	2	0	0	0	0	0
"Asv843"	129	0	0	0	0	0	0
"Asv844"	0	0	40	25	8	0	0
"Asv845"	31	0	0	0	0	0	0
"Asv846"	29	98	221	162	108	334	0
"Asv847"	37	0	0	0	0	0	0
"Asv848"	146	175	104	90	38	15	0
"Asv849"	0	0	0	0	0	0	26
"Asv850"	0	0	20	0	0	0	0
"Asv851"	19	17	0	0	0	0	0
"Asv852"	0	0	0	0	0	0	30
"Asv853"	0	0	0	0	0	0	20
"Asv854"	0	0	0	0	0	0	2666
"Asv855"	0	0	16	0	0	0	0
"Asv856"	0	16	0	11	0	0	0
"Asv857"	0	0	0	69	0	0	0
"Asv858"	0	0	0	0	0	0	22
"Asv859"	0	30	28	60	0	36	0
"Asv860"	0	0	0	21	0	0	0
"Asv861"	0	0	49	0	0	0	0
"Asv862"	15	0	0	0	0	0	0
"Asv863"	0	57	64	0	0	0	0
"Asv864"	0	0	14	0	0	0	0
"Asv865"	0	0	0	0	0	0	14
"Asv866"	0	54	0	0	0	0	0
"Asv867"	20	0	0	0	0	0	0
"Asv868"	13	0	0	0	0	0	0
"Asv869"	124	1676	1440	667	340	121	0
"Asv870"	30	311	200	92	0	0	0
"Asv871"	86	207	94	72	0	0	0
"Asv872"	0	0	61	0	0	0	0
"Asv873"	65	173	107	55	0	0	0
"Asv874"	15	0	0	10	0	0	0
"Asv875"	0	0	16	25	0	0	0
"Asv876"	0	0	0	0	8	0	0
"Asv877"	0	72	99	45	25	0	0
"Asv878"	0	0	0	14	0	0	0
"Asv879"	0	74	198	271	414	664	0
"Asv880"	0	45	0	0	0	0	0
"Asv881"	0	0	22	0	0	0	0
"Asv882"	0	53	35	0	0	0	0
"Asv883"	0	0	0	0	0	41	0
"Asv884"	17	0	0	27	0	0	0
"Asv885"	711	74	56	53	0	0	0
"Asv886"	0	0	0	0	15	0	0
"Asv887"	0	0	0	14	0	0	0
"Asv888"	257	117	91	0	56	63	0
"Asv889"	0	0	0	0	0	0	19
"Asv890"	387	0	16	0	32	17	0
"Asv891"	0	30	49	0	0	0	0
"Asv892"	0	0	0	0	0	0	63
"Asv893"	0	0	0	0	0	69	0
"Asv894"	0	0	32	69	0	35	0
"Asv895"	0	0	0	0	0	0	24834
"Asv896"	694	897	330	282	133	138	0
"Asv897"	0	0	0	0	0	0	46
"Asv898"	0	0	0	0	0	0	15
"Asv899"	0	48	0	0	0	0	0
"Asv900"	0	0	0	13	30	0	0
"Asv901"	0	0	0	15	0	0	0
"Asv902"	0	0	0	0	0	0	43
"Asv903"	134	40	0	22	66	0	0
"Asv904"	0	95	120	51	22	64	0
"Asv905"	0	0	0	0	0	0	7
"Asv906"	0	0	43	0	0	0	0
"Asv907"	0	10	0	0	0	0	0
"Asv908"	0	0	38	9	0	0	0
"Asv909"	0	18	0	0	0	0	0
"Asv910"	0	0	0	0	0	18	0
"Asv911"	0	0	31	0	0	0	0
"Asv912"	53	38	0	0	0	0	0
"Asv913"	0	0	0	0	107	0	0
"Asv914"	0	0	0	0	0	0	43
"Asv915"	0	0	5	0	0	0	0
"Asv916"	0	0	0	0	59	0	0
"Asv917"	0	0	0	0	14	0	0
"Asv918"	0	0	0	24	0	0	0
"Asv919"	0	62	0	0	0	0	0
"Asv920"	0	0	0	0	0	0	8
"Asv921"	0	0	0	0	0	21	0
"Asv922"	0	0	0	0	0	0	14
"Asv923"	0	46	0	0	0	0	0
"Asv924"	0	0	0	0	0	0	74
"Asv925"	0	0	0	4	0	0	0
"Asv926"	0	0	0	0	0	0	172
"Asv927"	1583	48	24	51	23	16	0
"Asv928"	0	0	0	0	0	0	70
"Asv929"	0	0	0	0	0	9	0
"Asv930"	0	0	34	42	17	44	0
"Asv931"	0	0	14	0	0	0	0
"Asv932"	0	17	0	0	0	0	0
"Asv933"	0	0	0	0	0	0	57
"Asv934"	15	0	0	0	0	0	0
"Asv935"	0	134	66	0	30	40	0
"Asv936"	74	0	0	0	0	0	0
"Asv937"	15	5	10	0	0	0	0
"Asv938"	0	0	0	0	33	0	0
"Asv939"	0	0	0	0	0	0	46
"Asv940"	0	0	0	0	0	39	0
"Asv941"	0	21	0	20	28	0	0
"Asv942"	0	0	0	0	0	0	33
"Asv943"	0	7	0	0	0	0	0
"Asv944"	0	0	0	0	0	0	15
"Asv945"	22	0	0	0	0	0	0
"Asv946"	0	0	0	0	0	9	0
"Asv947"	14	28	46	0	0	58	0
"Asv948"	0	21	0	0	0	0	0
"Asv949"	0	0	0	0	0	0	33
"Asv950"	0	0	0	22	0	37	0
"Asv951"	0	90	34	0	34	0	0
"Asv952"	0	0	0	0	0	0	37
"Asv953"	303	44	48	34	0	0	0
"Asv954"	0	46	23	0	0	0	0
"Asv955"	53	0	0	0	0	0	0
"Asv956"	0	0	0	0	0	0	82
"Asv957"	0	20	31	0	0	0	0
"Asv958"	0	0	0	0	0	0	12
"Asv959"	90	58	47	28	0	32	0
"Asv960"	0	0	0	0	0	0	15
"Asv961"	0	68	57	36	70	47	0
"Asv962"	42	0	0	0	0	0	0
"Asv963"	0	22	0	0	0	0	0
"Asv964"	0	0	38	0	0	0	0
"Asv965"	0	100	89	45	0	0	0
"Asv966"	0	0	0	28	11	0	0
"Asv967"	0	72	0	0	0	0	0
"Asv968"	0	0	0	28	0	0	0
"Asv969"	39	0	0	0	0	0	0
"Asv970"	34	94	130	53	42	76	0
"Asv971"	0	0	0	0	39	0	0
"Asv972"	41	73	65	38	0	17	0
"Asv973"	63	0	0	0	0	0	0
"Asv974"	222	185	101	83	37	0	0
"Asv975"	0	0	27	0	0	0	0
"Asv976"	0	0	0	0	6	0	0
"Asv977"	39	125	158	88	42	0	0
"Asv978"	0	0	0	0	0	41	0
"Asv979"	0	0	0	0	9	0	0
"Asv980"	8	0	0	0	0	0	0
"Asv981"	0	0	0	0	0	0	70
"Asv982"	0	0	0	0	0	0	96
"Asv983"	0	0	0	0	0	9	0
"Asv984"	0	0	0	0	0	0	304
"Asv985"	0	0	0	23	0	0	0
"Asv986"	0	4	0	0	0	0	0
"Asv987"	0	32	45	52	0	0	0
"Asv988"	0	0	0	0	0	0	41
"Asv989"	0	0	0	40	64	476	0
"Asv990"	0	0	0	0	0	8	0
"Asv991"	0	0	41	71	0	0	0
"Asv992"	0	0	35	0	22	0	0
"Asv993"	0	70	0	0	0	0	0
"Asv994"	0	0	0	0	0	0	63
"Asv995"	0	13	0	0	0	0	0
"Asv996"	0	0	7	0	0	0	0
"Asv997"	0	0	0	0	0	16	0
"Asv998"	0	0	36	0	0	0	0
"Asv999"	39	0	0	0	0	0	0
"Asv1000"	0	0	0	17	7	0	0
"Asv1001"	0	0	0	0	14	0	0
"Asv1002"	0	40	37	0	0	0	0
"Asv1003"	0	0	0	0	0	0	10
"Asv1004"	0	5	0	0	0	32	0
"Asv1005"	40	0	0	0	0	0	0
"Asv1006"	0	0	37	0	33	0	0
"Asv1007"	0	39	33	0	0	0	0
"Asv1008"	0	17	0	0	0	0	0
"Asv1009"	0	0	31	0	33	0	0
"Asv1010"	0	0	0	44	0	0	0
"Asv1011"	5	0	0	0	0	0	0
"Asv1012"	0	7	0	0	0	0	0
"Asv1013"	0	0	43	47	0	33	0
"Asv1014"	0	0	0	0	0	0	698
"Asv1015"	0	39	38	66	46	0	0
"Asv1016"	0	17	0	0	0	0	0
"Asv1017"	0	0	0	0	0	116	0
"Asv1018"	0	0	0	0	0	11	0
"Asv1019"	0	0	26	0	0	0	0
"Asv1020"	16	31	40	0	0	0	0
"Asv1021"	0	34	56	34	50	26	0
"Asv1022"	0	0	30	0	0	0	0
"Asv1023"	39	0	0	0	0	0	0
"Asv1024"	0	31	115	90	150	370	0
"Asv1025"	0	25	19	51	27	0	0
"Asv1026"	29	126	134	119	96	299	0
"Asv1027"	0	0	0	0	0	0	17
"Asv1028"	0	0	0	0	9	0	0
"Asv1029"	0	0	0	0	15	0	0
"Asv1030"	141	1620	1094	382	170	292	0
"Asv1031"	0	0	12	0	0	0	0
"Asv1032"	0	0	33	17	0	0	0
"Asv1033"	0	10	0	0	0	0	0
"Asv1034"	66	300	217	69	30	0	0
"Asv1035"	46	0	0	0	0	0	0
"Asv1036"	0	0	0	0	23	68	0
"Asv1037"	0	0	0	0	0	0	19
"Asv1038"	35	0	0	0	0	0	0
"Asv1039"	0	0	0	0	0	0	15
"Asv1040"	0	154	139	111	109	355	0
"Asv1041"	0	0	0	0	0	0	77
"Asv1042"	0	0	0	0	0	0	161
"Asv1043"	0	0	0	0	0	0	7
"Asv1044"	14	0	0	0	0	0	0
"Asv1045"	0	0	0	0	0	0	32
"Asv1046"	0	0	0	0	17	0	0
"Asv1047"	0	0	0	7	0	0	0
"Asv1048"	0	22	0	0	0	0	0
"Asv1049"	0	0	0	0	22	0	0
"Asv1050"	0	0	30	0	0	0	0
"Asv1051"	0	0	31	56	42	8	0
"Asv1052"	0	0	0	0	0	0	18
"Asv1053"	0	25	13	0	0	0	0
"Asv1054"	0	0	0	0	0	0	16
"Asv1055"	11	0	0	0	0	0	0
"Asv1056"	100	26	26	32	14	0	0
"Asv1057"	0	54	0	0	0	0	0
"Asv1058"	0	0	82	23	89	49	0
"Asv1059"	0	0	12	0	36	0	0
"Asv1060"	0	27	18	0	0	0	0
"Asv1061"	13	0	0	0	0	0	0
"Asv1062"	0	59	65	48	24	50	0
"Asv1063"	0	0	0	0	0	0	71
"Asv1064"	0	26	34	41	0	34	0
"Asv1065"	0	0	0	0	0	0	31
"Asv1066"	203	142	71	57	0	0	0
"Asv1067"	146	0	0	0	0	0	0
"Asv1068"	50	0	0	0	0	0	0
"Asv1069"	0	0	0	33	28	0	0
"Asv1070"	18	0	0	0	0	0	0
"Asv1071"	0	0	0	0	0	0	151
"Asv1072"	12	0	35	29	30	0	0
"Asv1073"	0	0	0	19	0	0	0
"Asv1074"	8	0	0	0	0	0	0
"Asv1075"	0	81	37	63	0	0	0
"Asv1076"	0	0	0	0	0	0	14
"Asv1077"	7	0	0	0	0	0	0
"Asv1078"	40	0	0	0	0	0	0
"Asv1079"	0	55	103	44	0	0	0
"Asv1080"	0	0	17	0	0	0	0
"Asv1081"	0	0	0	15	18	0	0
"Asv1082"	0	0	0	0	0	23	0
"Asv1083"	25	0	38	0	37	0	0
"Asv1084"	0	64	32	40	0	0	0
"Asv1085"	27	0	0	0	0	0	0
"Asv1086"	99	0	0	0	0	0	0
"Asv1087"	93	33	17	0	421	0	0
"Asv1088"	75	0	0	0	0	0	0
"Asv1089"	0	0	0	13	0	0	0
"Asv1090"	0	0	7	19	0	0	0
"Asv1091"	0	0	0	34	0	0	0
"Asv1092"	10	0	0	6	0	0	0
"Asv1093"	17	0	0	0	0	0	0
"Asv1094"	0	0	0	0	0	0	43
"Asv1095"	0	0	0	0	0	0	55
"Asv1096"	0	0	0	0	0	0	15
"Asv1097"	0	0	0	0	0	39	0
"Asv1098"	0	154	64	26	30	0	0
"Asv1099"	40	0	0	0	0	0	0
"Asv1100"	0	0	0	0	0	0	10
"Asv1101"	0	0	0	0	0	0	13
"Asv1102"	0	56	74	27	18	30	0
"Asv1103"	0	0	0	34	0	0	0
"Asv1104"	163	1718	1146	931	284	47	0
"Asv1105"	0	0	0	0	0	0	23
"Asv1106"	6	0	0	0	0	0	0
"Asv1107"	0	0	9	16	0	36	0
"Asv1108"	0	0	30	20	70	67	0
"Asv1109"	55	0	0	0	0	0	0
"Asv1110"	0	0	0	13	0	0	0
"Asv1111"	0	23	0	0	0	0	0
"Asv1112"	0	69	0	0	0	0	0
"Asv1113"	30	0	0	0	0	0	0
"Asv1114"	1998	76	41	62	37	0	0
"Asv1115"	0	0	0	0	0	0	32
"Asv1116"	0	0	0	0	0	0	99
"Asv1117"	0	0	0	0	0	0	18
"Asv1118"	42	0	0	0	0	0	0
"Asv1119"	0	0	0	0	15	0	0
"Asv1120"	0	0	0	0	0	0	43
"Asv1121"	0	0	0	0	6	0	0
"Asv1122"	0	0	33	0	28	0	0
"Asv1123"	0	0	0	0	0	0	1802
"Asv1124"	43	221	243	91	53	0	0
"Asv1125"	0	0	0	0	0	0	34
"Asv1126"	0	0	0	0	74	0	0
"Asv1127"	0	0	0	0	17	0	0
"Asv1128"	0	0	0	0	0	16	0
"Asv1129"	37	34	0	43	9	0	0
"Asv1130"	18	43	36	0	0	0	0
"Asv1131"	0	0	0	0	0	0	114
"Asv1132"	1375	25	45	88	59	0	0
"Asv1133"	0	0	0	0	0	0	3
"Asv1134"	27	0	0	0	0	0	0
"Asv1135"	0	146	117	32	0	0	0
"Asv1136"	0	26	0	0	0	0	0
"Asv1137"	123	33	0	46	0	0	0
"Asv1138"	0	0	0	0	0	0	15
"Asv1139"	0	0	0	0	0	0	9
"Asv1140"	42	0	0	0	0	0	0
"Asv1141"	14	0	0	0	0	0	0
"Asv1142"	4	0	0	0	27	0	0
"Asv1143"	0	0	36	0	0	0	0
"Asv1144"	0	0	57	0	13	0	0
"Asv1145"	10	0	0	0	0	0	0
"Asv1146"	0	13	0	59	21	41	0
"Asv1147"	0	0	0	0	0	0	41
"Asv1148"	23	94	50	56	0	0	0
"Asv1149"	16	0	0	0	0	0	0
"Asv1150"	0	15	0	0	41	52	0
"Asv1151"	0	22	0	0	0	0	0
"Asv1152"	0	106	29	0	11	0	0
"Asv1153"	0	0	0	0	0	0	91
"Asv1154"	0	0	0	8	0	0	0
"Asv1155"	0	149	242	145	98	225	0
"Asv1156"	0	0	0	0	0	0	203
"Asv1157"	47	0	19	15	0	0	0
"Asv1158"	12	28	33	0	0	0	0
"Asv1159"	0	0	32	0	20	28	0
"Asv1160"	0	0	16	0	0	0	0
"Asv1161"	0	0	0	0	0	14	0
"Asv1162"	0	0	54	27	66	0	0
"Asv1163"	0	0	0	0	0	0	25
"Asv1164"	0	0	0	0	0	0	69
"Asv1165"	0	82	44	41	65	0	0
"Asv1166"	68	0	14	5	0	0	0
"Asv1167"	19	0	0	0	0	0	0
"Asv1168"	6	0	0	0	0	0	0
"Asv1169"	0	0	20	0	0	0	0
"Asv1170"	0	0	28	0	0	0	0
"Asv1171"	0	0	0	0	0	0	46
"Asv1172"	0	0	0	0	7	0	0
"Asv1173"	0	0	30	0	0	0	0
"Asv1174"	0	0	0	0	0	0	22
"Asv1175"	0	0	0	9	0	0	0
"Asv1176"	0	0	0	0	0	0	14
"Asv1177"	0	0	25	15	0	0	0
"Asv1178"	338	3741	12313	14996	22917	26217	0
"Asv1179"	0	0	0	3	0	0	0
"Asv1180"	0	58	13	0	0	0	0
"Asv1181"	0	0	13	0	0	0	0
"Asv1182"	0	38	0	0	0	29	0
"Asv1183"	22	0	0	0	0	0	0
"Asv1184"	0	0	0	0	0	0	23
"Asv1185"	51	359	291	144	62	50	0
"Asv1186"	0	0	0	0	0	0	59
"Asv1187"	0	0	0	0	0	0	64
"Asv1188"	0	44	31	0	19	18	0
"Asv1189"	0	39	40	0	12	0	0
"Asv1190"	0	35	79	34	18	41	0
"Asv1191"	0	58	86	27	37	0	0
"Asv1192"	30	0	0	0	0	0	0
"Asv1193"	0	0	0	5	0	0	0
"Asv1194"	0	0	0	0	0	0	29
"Asv1195"	0	0	0	0	0	0	34
"Asv1196"	9	0	0	0	0	0	0
"Asv1197"	0	0	19	0	5	0	0
"Asv1198"	0	19	0	33	0	26	0
"Asv1199"	0	0	0	0	0	28	0
"Asv1200"	0	51	0	56	0	0	0
"Asv1201"	0	0	0	0	7	0	0
"Asv1202"	0	19	32	0	0	0	0
"Asv1203"	0	0	0	38	33	0	0
"Asv1204"	0	0	0	0	0	0	6
"Asv1205"	0	11	0	0	0	0	0
"Asv1206"	0	0	0	0	0	0	51
"Asv1207"	363	24	69	0	15	0	0
"Asv1208"	0	0	0	0	0	0	81
"Asv1209"	7	0	0	0	0	0	0
"Asv1210"	0	0	43	0	0	0	0
"Asv1211"	30	681	1084	787	587	1869	0
"Asv1212"	0	7	9	12	0	0	0
"Asv1213"	49	0	0	0	0	0	0
"Asv1214"	0	45	55	0	0	62	0
"Asv1215"	28	89	143	95	57	0	0
"Asv1216"	0	22	0	0	0	0	0
"Asv1217"	0	0	10	0	0	0	0
"Asv1218"	0	0	0	0	0	0	19
"Asv1219"	0	19	30	33	42	0	0
"Asv1220"	0	0	0	28	0	0	0
"Asv1221"	0	43	0	0	0	0	0
"Asv1222"	0	0	0	0	0	11	0
"Asv1223"	0	0	0	47	0	0	0
"Asv1224"	0	0	0	0	9	0	0
"Asv1225"	0	0	0	0	21	0	0
"Asv1226"	33	63	64	0	0	0	0
"Asv1227"	0	0	0	3	0	0	0
"Asv1228"	22	52	63	19	0	0	0
"Asv1229"	0	0	0	0	18	0	0
"Asv1230"	0	26	28	0	0	0	0
"Asv1231"	0	0	0	0	13	0	0
"Asv1232"	1397	69	49	71	0	36	0
"Asv1233"	0	0	0	32	0	0	0
"Asv1234"	0	0	0	0	0	0	12
"Asv1235"	0	0	0	0	0	6	0
"Asv1236"	0	0	0	0	0	0	9
"Asv1237"	0	0	0	0	0	0	26
"Asv1238"	0	0	0	30	0	22	0
"Asv1239"	0	0	0	6	0	0	0
"Asv1240"	28	0	0	0	0	0	0
"Asv1241"	0	0	0	0	0	0	62
"Asv1242"	0	0	0	0	0	0	13
"Asv1243"	0	0	44	0	0	0	0
"Asv1244"	0	0	33	0	0	0	0
"Asv1245"	7	0	0	0	0	0	0
"Asv1246"	73	0	45	0	0	0	0
"Asv1247"	0	125	78	52	18	0	0
"Asv1248"	0	0	0	0	0	0	25
"Asv1249"	0	0	0	0	0	33	0
"Asv1250"	0	0	0	0	0	0	42
"Asv1251"	0	0	23	0	0	0	0
"Asv1252"	0	0	40	67	61	2633	0
"Asv1253"	78	0	0	0	0	0	0
"Asv1254"	509	233	133	91	37	38	0
"Asv1255"	81	751	510	177	101	33	0
"Asv1256"	28	0	0	0	0	0	0
"Asv1257"	0	20	31	40	0	0	0
"Asv1258"	0	0	0	0	0	0	15
"Asv1259"	0	23	0	0	0	0	0
"Asv1260"	0	0	9	0	0	0	0
"Asv1261"	0	0	0	0	5	0	0
"Asv1262"	0	40	45	0	0	0	0
"Asv1263"	0	16	0	0	0	0	0
"Asv1264"	0	0	0	6	36	34	0
"Asv1265"	247	462	256	71	44	45	0
"Asv1266"	0	31	0	0	0	0	0
"Asv1267"	0	0	0	0	0	0	3
"Asv1268"	0	0	0	0	0	0	26
"Asv1269"	0	32	0	0	0	0	0
"Asv1270"	0	0	0	0	0	0	60
"Asv1271"	63	0	0	0	0	0	0
"Asv1272"	0	0	0	0	0	33	0
"Asv1273"	0	235	229	76	58	160	0
"Asv1274"	0	0	58	0	57	66	0
"Asv1275"	49	0	0	0	0	0	0
"Asv1276"	0	0	0	0	0	0	31
"Asv1277"	0	14	0	0	0	0	0
"Asv1278"	0	0	0	0	0	25	0
"Asv1279"	0	0	0	0	15	0	0
"Asv1280"	56	185	161	68	57	126	0
"Asv1281"	0	0	8	0	0	0	0
"Asv1282"	0	0	0	0	0	0	11
"Asv1283"	59	194	193	77	58	192	0
"Asv1284"	0	6	0	0	0	0	0
"Asv1285"	0	9	0	0	0	0	0
"Asv1286"	29	0	0	0	0	0	0
"Asv1287"	0	27	0	0	0	0	0
"Asv1288"	0	0	0	0	0	97	0
"Asv1289"	0	17	0	0	0	0	0
"Asv1290"	439	96	52	46	66	0	0
"Asv1291"	0	0	0	19	0	0	0
"Asv1292"	0	22	0	0	0	0	0
"Asv1293"	77	172	118	66	0	0	0
"Asv1294"	0	0	11	0	0	0	0
"Asv1295"	0	0	0	0	0	0	36
"Asv1296"	0	0	0	16	0	0	0
"Asv1297"	0	10	0	3	0	0	0
"Asv1298"	0	0	0	0	0	0	45
"Asv1299"	0	0	0	0	0	0	38
"Asv1300"	0	9	0	0	24	0	0
"Asv1301"	0	0	0	0	0	0	34
"Asv1302"	0	0	0	0	0	0	27
"Asv1303"	0	0	0	0	0	0	10
"Asv1304"	0	222	438	306	213	57	0
"Asv1305"	0	0	0	0	0	31	0
"Asv1306"	0	0	0	0	0	0	15
"Asv1307"	0	0	0	0	31	0	0
"Asv1308"	101	11	0	0	0	0	0
"Asv1309"	0	0	0	0	0	0	20
"Asv1310"	31	14	0	0	0	0	0
"Asv1311"	0	35	27	0	0	0	0
"Asv1312"	0	45	56	0	0	0	0
"Asv1313"	44	23	0	0	0	0	0
"Asv1314"	18	0	0	0	0	0	0
"Asv1315"	0	0	0	16	0	0	0
"Asv1316"	36	47	61	0	14	0	0
"Asv1317"	5	0	0	0	0	0	0
"Asv1318"	0	107	57	45	0	0	0
"Asv1319"	0	0	0	16	0	0	0
"Asv1320"	0	0	0	0	0	0	6
"Asv1321"	1965	306	171	199	74	53	0
"Asv1322"	0	35	14	52	19	0	0
"Asv1323"	0	65	0	0	0	0	0
"Asv1324"	72	0	0	0	0	0	0
"Asv1325"	0	6	0	0	0	0	0
"Asv1326"	0	0	28	0	0	0	0
"Asv1327"	0	0	0	34	0	0	0
"Asv1328"	0	0	15	0	0	0	0
"Asv1329"	0	5	0	0	0	0	0
"Asv1330"	0	0	0	5	0	0	0
"Asv1331"	50	0	0	0	0	0	0
"Asv1332"	0	0	0	0	0	0	22
"Asv1333"	137	0	0	0	0	0	0
"Asv1334"	0	0	0	0	0	0	69
"Asv1335"	14	0	0	0	0	0	0
"Asv1336"	200	0	0	0	0	0	0
"Asv1337"	0	0	0	0	0	0	4
"Asv1338"	35	42	39	0	0	0	0
"Asv1339"	11	0	0	0	0	0	0
"Asv1340"	0	6	0	0	0	0	0
"Asv1341"	0	0	0	0	0	0	18
"Asv1342"	60	0	0	0	0	0	0
"Asv1343"	305	0	0	0	0	0	0
"Asv1344"	0	0	0	0	0	0	35
"Asv1345"	0	60	82	51	0	0	0
"Asv1346"	0	0	0	0	0	5	0
"Asv1347"	14	0	0	0	0	0	0
"Asv1348"	0	0	44	0	0	0	0
"Asv1349"	0	0	8	4	0	0	0
"Asv1350"	0	0	0	0	0	0	40
"Asv1351"	0	0	0	0	64	0	0
"Asv1352"	0	281	185	66	40	68	0
"Asv1353"	0	0	0	0	0	0	19
"Asv1354"	0	0	0	0	0	0	41
"Asv1355"	0	61	0	0	0	0	0
"Asv1356"	326	41	0	60	0	0	0
"Asv1357"	0	0	0	25	0	0	0
"Asv1358"	0	0	0	0	0	21	0
"Asv1359"	0	0	0	0	0	0	76
"Asv1360"	0	46	63	0	40	35	0
"Asv1361"	0	13	0	0	0	0	0
"Asv1362"	0	0	39	0	0	0	0
"Asv1363"	0	0	0	0	0	0	45
"Asv1364"	48	68	42	20	51	0	0
"Asv1365"	0	0	0	77	44	48	0
"Asv1366"	0	0	0	11	24	0	0
"Asv1367"	0	0	0	0	0	0	31
"Asv1368"	0	0	0	0	0	0	4
"Asv1369"	56	129	122	63	0	35	0
"Asv1370"	0	0	0	0	9	0	0
"Asv1371"	0	0	0	0	0	0	51
"Asv1372"	0	0	0	0	0	73	0
"Asv1373"	6108	591	366	437	221	47	0
"Asv1374"	0	0	105	55	38	0	0
"Asv1375"	94	693	394	153	69	31	0
"Asv1376"	0	16	0	0	0	0	0
"Asv1377"	0	0	0	0	0	0	26
"Asv1378"	0	0	0	0	0	0	562
"Asv1379"	0	0	0	0	0	4	0
"Asv1380"	0	0	0	0	20	0	0
"Asv1381"	0	0	0	0	0	25	0
"Asv1382"	0	0	0	0	0	0	11
"Asv1383"	37	0	0	0	0	0	0
"Asv1384"	0	34	68	79	89	0	0
"Asv1385"	0	0	0	0	9	0	0
"Asv1386"	0	7	0	31	40	21	0
"Asv1387"	0	0	0	0	0	71	0
"Asv1388"	10	0	0	0	0	0	0
"Asv1389"	0	56	0	0	0	0	0
"Asv1390"	0	0	0	0	0	0	27
"Asv1391"	0	0	31	0	0	0	0
"Asv1392"	0	0	45	0	33	76	0
"Asv1393"	0	41	0	0	0	0	0
"Asv1394"	0	0	0	0	0	0	117
"Asv1395"	0	0	7	0	0	0	0
"Asv1396"	0	0	45	25	0	0	0
"Asv1397"	0	43	0	0	0	0	0
"Asv1398"	0	0	54	0	0	0	0
"Asv1399"	33	113	112	51	29	84	0
"Asv1400"	0	23	22	0	0	8	0
"Asv1401"	0	0	0	0	0	12	0
"Asv1402"	0	40	85	94	136	496	0
"Asv1403"	0	8	0	0	0	0	0
"Asv1404"	0	0	0	0	0	0	30
"Asv1405"	0	0	0	0	0	14	0
"Asv1406"	0	34	0	0	0	0	0
"Asv1407"	0	52	62	0	14	0	0
"Asv1408"	474	103	63	42	0	0	0
"Asv1409"	0	0	24	8	0	0	0
"Asv1410"	0	0	0	0	0	0	27
"Asv1411"	11	50	70	51	44	0	0
"Asv1412"	0	0	0	11	0	0	0
"Asv1413"	1131	111	69	74	30	0	0
"Asv1414"	201	315	163	137	32	0	0
"Asv1415"	0	0	0	17	13	29	0
"Asv1416"	0	3	0	0	5	0	0
"Asv1417"	0	0	0	0	9	0	0
"Asv1418"	0	30	0	0	0	0	0
"Asv1419"	0	0	0	0	0	20	0
"Asv1420"	0	0	0	0	0	0	57
"Asv1421"	0	0	0	0	0	0	17
"Asv1422"	0	0	0	0	0	0	76
"Asv1423"	0	0	0	0	0	0	44
"Asv1424"	0	0	0	0	0	10	0
"Asv1425"	0	169	113	46	41	142	0
"Asv1426"	0	0	0	0	0	0	6
"Asv1427"	0	0	2	0	0	0	0
"Asv1428"	9	23	0	0	0	64	0
"Asv1429"	0	0	0	15	0	0	0
"Asv1430"	0	0	0	0	0	0	42
"Asv1431"	0	23	0	0	0	0	0
"Asv1432"	0	12	0	0	0	0	0
"Asv1433"	9	0	0	0	0	0	0
"Asv1434"	0	0	0	2	0	0	0
"Asv1435"	0	0	4	0	7	0	0
"Asv1436"	0	0	0	0	0	0	36
"Asv1437"	102	0	0	0	0	0	0
"Asv1438"	0	0	0	0	0	0	14
"Asv1439"	1342	85	38	60	0	41	0
"Asv1440"	0	0	0	0	0	21	0
"Asv1441"	0	0	0	0	0	0	13
"Asv1442"	0	0	13	0	0	0	0
"Asv1443"	0	0	0	0	0	0	26
"Asv1444"	0	0	0	0	12	0	0
"Asv1445"	0	0	0	13	0	0	0
"Asv1446"	0	0	0	0	0	0	22
"Asv1447"	0	11	0	0	29	0	0
"Asv1448"	0	0	0	0	0	0	54
"Asv1449"	0	0	0	0	5	0	0
"Asv1450"	0	0	11	29	0	0	0
"Asv1451"	0	0	0	0	0	5	0
"Asv1452"	0	70	50	0	0	0	0
"Asv1453"	0	0	0	0	0	0	71
"Asv1454"	35	0	0	0	0	0	0
"Asv1455"	0	27	68	79	93	0	0
"Asv1456"	0	0	0	0	0	6	0
"Asv1457"	0	0	0	0	0	15	0
"Asv1458"	0	0	0	0	0	0	20
"Asv1459"	48	1021	1034	446	275	320	0
"Asv1460"	0	20	22	0	0	0	0
"Asv1461"	0	0	0	0	0	0	84
"Asv1462"	22	0	0	0	9	0	0
"Asv1463"	0	0	0	0	0	7	0
"Asv1464"	0	0	0	0	0	0	59
"Asv1465"	0	0	0	36	0	0	0
"Asv1466"	0	0	0	0	0	0	22935
"Asv1467"	86	1848	1080	425	183	325	0
"Asv1468"	0	0	0	0	0	0	65
"Asv1469"	0	0	0	0	0	0	14
"Asv1470"	0	0	0	6	0	0	0
"Asv1471"	0	0	0	0	0	0	16
"Asv1472"	0	0	0	0	0	0	23
"Asv1473"	0	0	0	0	0	0	7
"Asv1474"	0	0	14	0	0	0	0
"Asv1475"	0	64	76	60	21	19	0
"Asv1476"	0	41	0	0	0	0	0
"Asv1477"	428	96	80	45	0	45	0
"Asv1478"	84	255	250	113	35	73	0
"Asv1479"	0	18	12	0	0	0	0
"Asv1480"	39	0	0	0	0	0	0
"Asv1481"	0	0	8	0	0	0	0
"Asv1482"	0	0	0	0	0	53	0
"Asv1483"	0	0	0	0	0	0	39
"Asv1484"	0	28	32	46	51	0	0
"Asv1485"	9	0	0	0	0	0	0
"Asv1486"	0	59	31	0	0	0	0
"Asv1487"	23	98	45	25	0	0	0
"Asv1488"	294	90	48	44	49	0	0
"Asv1489"	0	0	0	0	0	15	0
"Asv1490"	0	74	0	0	0	26	0
"Asv1491"	0	0	0	0	0	28	0
"Asv1492"	0	111	54	79	0	0	0
"Asv1493"	0	3	0	0	0	0	0
"Asv1494"	0	37	0	0	0	0	0
"Asv1495"	0	0	0	0	15	0	0
"Asv1496"	0	0	0	0	29	0	0
"Asv1497"	0	53	48	69	42	0	0
"Asv1498"	0	0	0	0	0	0	46
"Asv1499"	0	0	0	0	0	0	26
"Asv1500"	0	0	0	0	26	0	0
"Asv1501"	0	0	0	0	0	19	0
"Asv1502"	0	31	0	0	0	0	0
"Asv1503"	32	0	0	0	0	0	0
"Asv1504"	0	0	0	0	0	0	47
"Asv1505"	0	0	0	0	0	0	37
"Asv1506"	0	0	17	0	0	0	0
"Asv1507"	0	0	69	0	30	0	0
"Asv1508"	0	0	0	6	7	0	0
"Asv1509"	0	0	49	48	0	0	0
"Asv1510"	0	0	0	0	0	0	32
"Asv1511"	0	0	0	0	0	0	85
"Asv1512"	22	0	0	0	0	0	0
"Asv1513"	0	0	31	27	32	28	0
"Asv1514"	0	0	22	0	47	0	0
"Asv1515"	0	0	0	0	0	67	0
"Asv1516"	10	0	0	0	0	0	0
"Asv1517"	0	18	19	0	0	0	0
"Asv1518"	0	0	0	0	0	5	0
"Asv1519"	0	0	17	0	0	0	0
"Asv1520"	0	0	0	0	0	7	0
"Asv1521"	0	0	0	13	8	35	0
"Asv1522"	0	43	54	38	54	0	0
"Asv1523"	0	0	0	0	0	75	0
"Asv1524"	0	0	0	0	0	0	4
"Asv1525"	0	0	0	0	0	0	15
"Asv1526"	82	0	0	0	18	0	0
"Asv1527"	55	283	209	108	85	0	0
"Asv1528"	0	0	0	0	0	0	114
"Asv1529"	0	0	0	0	0	0	9
"Asv1530"	0	8	0	0	0	0	0
"Asv1531"	0	0	0	0	0	0	19
"Asv1532"	0	0	0	3	0	0	0
"Asv1533"	29	0	0	0	0	0	0
"Asv1534"	43	0	0	0	0	0	0
"Asv1535"	0	0	0	0	0	0	19
"Asv1536"	0	0	0	0	0	0	8
"Asv1537"	0	0	0	0	0	25	0
"Asv1538"	26	80	49	95	0	8	0
"Asv1539"	0	0	0	0	9	0	0
"Asv1540"	0	0	18	0	0	0	0
"Asv1541"	0	65	0	30	0	0	0
"Asv1542"	0	53	0	0	0	0	0
"Asv1543"	23	0	0	0	0	0	0
"Asv1544"	0	72	30	33	0	33	0
"Asv1545"	0	0	0	0	4	0	0
"Asv1546"	0	0	32	0	0	0	0
"Asv1547"	0	0	8	0	0	0	0
"Asv1548"	0	32	0	38	0	0	0
"Asv1549"	0	0	40	0	0	0	0
"Asv1550"	0	0	0	0	0	0	5
"Asv1551"	0	0	0	0	25	0	0
"Asv1552"	5	0	0	0	0	0	0
"Asv1553"	0	327	222	146	91	68	0
"Asv1554"	26	63	44	0	0	0	0
"Asv1555"	0	0	0	0	0	0	9
"Asv1556"	0	0	0	0	0	0	40
"Asv1557"	0	0	0	0	0	0	175
"Asv1558"	145	37	0	0	14	0	0
"Asv1559"	0	22	0	0	0	0	0
"Asv1560"	0	0	30	0	0	0	0
"Asv1561"	0	21	0	0	0	0	0
"Asv1562"	0	0	0	0	0	20	0
"Asv1563"	0	0	63	31	0	0	0
"Asv1564"	46	306	293	111	67	0	0
"Asv1565"	60	0	0	0	0	0	0
"Asv1566"	0	78	0	0	0	0	0
"Asv1567"	130	24	70	19	0	0	0
"Asv1568"	0	0	19	0	0	0	0
"Asv1569"	0	0	0	0	0	0	42
"Asv1570"	11	202	89	78	63	38	0
"Asv1571"	23	52	49	0	0	0	0
"Asv1572"	0	0	0	0	0	36	0
"Asv1573"	1725	178	99	117	29	89	0
"Asv1574"	31	0	0	0	0	0	0
"Asv1575"	41	0	0	0	0	0	0
"Asv1576"	0	0	0	0	0	38	0
"Asv1577"	0	0	39	0	32	0	0
"Asv1578"	16	0	0	0	0	0	0
"Asv1579"	39	0	0	33	0	0	0
"Asv1580"	0	0	0	0	0	0	44
"Asv1581"	0	15	0	0	0	0	0
"Asv1582"	0	0	0	0	6	0	0
"Asv1583"	145	154	75	75	0	0	0
"Asv1584"	0	0	0	0	0	20	0
"Asv1585"	0	0	0	0	0	0	45
"Asv1586"	8	0	0	0	0	0	0
"Asv1587"	10	0	0	0	0	0	0
"Asv1588"	0	0	0	30	0	14	0
"Asv1589"	0	0	35	0	0	0	0
"Asv1590"	0	0	62	0	0	0	0
"Asv1591"	0	0	31	40	32	45	0
"Asv1592"	39	30	83	14	17	0	0
"Asv1593"	0	0	57	0	0	0	0
"Asv1594"	29	117	130	57	47	94	0
"Asv1595"	0	0	0	0	0	0	20
"Asv1596"	0	0	0	0	0	13	0
"Asv1597"	0	57	70	0	0	0	0
"Asv1598"	0	0	0	12	0	0	0
"Asv1599"	0	0	0	0	0	0	29
"Asv1600"	0	0	0	0	0	48	0
"Asv1601"	0	0	0	0	0	44	0
"Asv1602"	70	0	0	0	0	0	0
"Asv1603"	0	0	0	0	0	0	23
"Asv1604"	0	0	53	0	16	0	0
"Asv1605"	0	0	17	0	0	0	0
"Asv1606"	0	0	0	4	0	0	0
"Asv1607"	0	0	0	18	0	0	0
"Asv1608"	27	14	13	0	0	0	0
"Asv1609"	0	0	0	0	0	0	46
"Asv1610"	0	0	7	0	0	0	0
"Asv1611"	0	27	0	0	0	0	0
"Asv1612"	0	0	57	0	50	0	0
"Asv1613"	0	7	0	0	0	0	0
"Asv1614"	158	138	71	43	0	0	0
"Asv1615"	0	140	136	71	62	0	0
"Asv1616"	0	0	0	0	0	0	37
"Asv1617"	0	0	0	0	0	22	0
"Asv1618"	0	33	38	53	48	0	0
"Asv1619"	24	701	1317	994	1565	3907	0
"Asv1620"	0	0	0	15	20	0	0
"Asv1621"	0	0	0	15	11	0	0
"Asv1622"	0	0	0	0	0	31	0
"Asv1623"	146	135	99	131	47	0	0
"Asv1624"	300	76	51	54	54	78	0
"Asv1625"	0	0	0	0	0	0	21
"Asv1626"	0	0	0	33	0	0	0
"Asv1627"	0	0	15	0	0	0	0
"Asv1628"	0	0	0	0	0	0	6
"Asv1629"	0	0	26	0	0	0	0
"Asv1630"	0	0	0	0	0	0	35
"Asv1631"	0	0	0	0	9	0	0
"Asv1632"	0	0	0	0	0	0	68
"Asv1633"	0	0	0	0	0	0	77
"Asv1634"	57	67	54	41	0	17	0
"Asv1635"	0	41	0	0	0	0	0
"Asv1636"	15	0	0	0	0	0	0
"Asv1637"	45	387	211	86	39	30	0
"Asv1638"	0	0	0	0	0	0	4
"Asv1639"	0	0	5	0	0	0	0
"Asv1640"	0	68	126	0	0	0	0
"Asv1641"	0	0	0	0	0	0	7
"Asv1642"	12	0	0	0	0	0	0
"Asv1643"	0	58	0	0	0	0	0
"Asv1644"	0	0	0	0	0	6	0
"Asv1645"	335	119	80	44	0	46	0
"Asv1646"	0	34	44	60	77	62	0
"Asv1647"	0	9	0	0	0	0	0
"Asv1648"	0	25	0	0	0	0	0
"Asv1649"	1697	499	256	217	89	42	0
"Asv1650"	0	0	0	0	0	0	13
"Asv1651"	304	27	0	0	0	25	0
"Asv1652"	79	0	0	0	0	0	0
"Asv1653"	0	0	0	0	32	0	0
"Asv1654"	1778	180	127	170	60	42	0
"Asv1655"	0	0	0	0	0	0	18
"Asv1656"	0	11	0	0	0	0	0
"Asv1657"	0	0	0	5	0	0	0
"Asv1658"	0	0	0	0	0	0	13
"Asv1659"	0	44	0	0	0	0	0
"Asv1660"	0	6	8	0	0	0	0
"Asv1661"	0	0	0	0	16	17	0
"Asv1662"	0	0	0	0	16	0	0
"Asv1663"	0	0	0	0	0	0	21
"Asv1664"	0	0	0	0	0	29	0
"Asv1665"	35	0	0	0	0	0	0
"Asv1666"	127	202	244	106	38	0	0
"Asv1667"	0	0	17	0	0	0	0
"Asv1668"	0	0	0	0	0	0	48
"Asv1669"	0	0	0	0	0	0	52
"Asv1670"	0	0	0	0	0	0	65
"Asv1671"	0	0	0	0	0	0	18
"Asv1672"	0	13	6	0	0	0	0
"Asv1673"	47	0	0	0	0	0	0
"Asv1674"	42	0	0	0	0	0	0
"Asv1675"	0	0	0	0	0	0	29
"Asv1676"	0	0	0	0	6	0	0
"Asv1677"	47	0	0	0	0	0	0
"Asv1678"	133	26	9	56	0	0	0
"Asv1679"	0	0	0	0	0	14	0
"Asv1680"	0	0	0	0	0	0	14
"Asv1681"	330	82	55	59	0	0	0
"Asv1682"	46	0	0	0	95	0	0
"Asv1683"	0	0	0	0	7	0	0
"Asv1684"	0	0	67	0	0	0	0
"Asv1685"	0	0	0	26	29	53	0
"Asv1686"	115	1403	737	279	99	35	0
"Asv1687"	0	91	46	48	0	0	0
"Asv1688"	0	0	0	0	15	0	0
"Asv1689"	0	0	0	0	0	0	52
"Asv1690"	10	0	19	84	0	0	0
"Asv1691"	0	19	0	0	0	0	0
"Asv1692"	0	0	43	0	0	0	0
"Asv1693"	0	0	0	0	14	23	0
"Asv1694"	9	0	27	0	15	0	0
"Asv1695"	11	0	0	0	0	0	0
"Asv1696"	0	61	36	23	0	0	0
"Asv1697"	5	27	0	0	0	0	0
"Asv1698"	0	0	0	0	0	30	0
"Asv1699"	0	0	0	0	0	0	43
"Asv1700"	0	48	47	38	61	0	0
"Asv1701"	0	0	3	5	6	0	0
"Asv1702"	45	0	0	0	0	0	0
"Asv1703"	0	72	0	0	0	0	0
"Asv1704"	0	0	42	55	44	250	0
"Asv1705"	11	25	47	0	12	0	0
"Asv1706"	0	0	0	0	0	0	41
"Asv1707"	71	1116	293	73	0	58	0
"Asv1708"	161	45	0	0	0	25	0
"Asv1709"	0	144	131	78	40	146	0
"Asv1710"	0	32	0	0	0	0	0
"Asv1711"	0	0	0	0	0	0	56
"Asv1712"	41	416	232	82	28	0	0
"Asv1713"	0	0	0	0	0	0	24
"Asv1714"	2509	168	126	99	33	0	0
"Asv1715"	5	33	0	0	0	0	0
"Asv1716"	0	0	0	0	0	0	28
"Asv1717"	0	0	0	3	0	0	0
"Asv1718"	0	115	113	57	60	0	0
"Asv1719"	0	0	0	11	0	0	0
"Asv1720"	0	0	0	0	2	0	0
"Asv1721"	0	0	0	0	0	0	51
"Asv1722"	0	36	47	47	37	56	0
"Asv1723"	0	0	0	0	0	42	0
"Asv1724"	0	0	35	31	0	0	0
"Asv1725"	0	0	0	0	0	0	21
"Asv1726"	0	48	105	114	118	180	0
"Asv1727"	378	84	0	0	43	0	0
"Asv1728"	44	0	0	0	0	0	0
"Asv1729"	8	0	28	36	33	0	0
"Asv1730"	0	0	0	0	0	30	0
"Asv1731"	0	0	0	0	0	0	65
"Asv1732"	0	0	9	0	0	0	0
"Asv1733"	0	0	15	0	0	0	0
"Asv1734"	0	26	32	0	21	0	0
"Asv1735"	0	11	0	0	0	0	0
"Asv1736"	0	0	8	0	0	0	0
"Asv1737"	0	0	0	0	0	0	140
"Asv1738"	0	0	0	0	0	23	0
"Asv1739"	0	0	0	0	0	17	0
"Asv1740"	34	0	0	0	0	0	0
"Asv1741"	0	0	0	15	0	0	0
"Asv1742"	0	0	0	23	0	0	0
"Asv1743"	0	0	27	0	0	0	0
"Asv1744"	0	0	0	0	5	0	0
"Asv1745"	0	0	0	0	0	0	42
"Asv1746"	7	0	14	0	0	0	0
"Asv1747"	0	10	0	0	0	0	0
"Asv1748"	0	0	0	0	0	0	70
"Asv1749"	0	0	0	0	0	0	180
"Asv1750"	0	12	0	7	0	0	0
"Asv1751"	0	0	28	0	0	0	0
"Asv1752"	0	0	7	0	0	0	0
"Asv1753"	0	0	0	0	0	0	39
"Asv1754"	0	0	0	0	0	0	15
"Asv1755"	215	3809	3413	2149	1371	630	0
"Asv1756"	0	0	0	0	0	0	10
"Asv1757"	0	0	0	0	18	0	0
"Asv1758"	0	0	0	0	0	6	0
"Asv1759"	4	0	0	3	0	0	0
"Asv1760"	0	0	95	0	0	0	0
"Asv1761"	0	41	0	0	0	0	0
"Asv1762"	89	0	0	0	0	0	0
"Asv1763"	0	8	16	0	0	0	0
"Asv1764"	0	0	0	0	0	0	41
"Asv1765"	289	0	0	0	0	0	0
"Asv1766"	38	0	0	0	0	0	0
"Asv1767"	12	0	0	0	0	0	0
"Asv1768"	0	0	0	0	0	0	14
"Asv1769"	0	50	56	0	0	0	0
"Asv1770"	0	0	24	0	0	0	0
"Asv1771"	0	0	7	0	0	0	0
"Asv1772"	0	41	0	0	0	0	0
"Asv1773"	0	0	0	0	0	0	44
"Asv1774"	146	0	0	0	14	0	0
"Asv1775"	1626	45	31	46	17	0	0
"Asv1776"	0	28	12	0	0	0	0
"Asv1777"	0	16	0	0	0	0	0
"Asv1778"	1084	438	364	236	171	172	0
"Asv1779"	0	232	159	98	45	0	0
"Asv1780"	0	0	0	0	0	0	15
"Asv1781"	0	0	0	133	0	0	0
"Asv1782"	0	0	0	0	0	0	12
"Asv1783"	16	0	25	0	7	0	0
"Asv1784"	0	38	24	0	0	0	0
"Asv1785"	0	2	0	5	0	0	0
"Asv1786"	0	0	0	0	0	0	24
"Asv1787"	2765	262	179	158	75	0	0
"Asv1788"	0	0	0	24	0	0	0
"Asv1789"	0	0	0	0	0	27	0
"Asv1790"	0	0	0	0	0	20	0
"Asv1791"	0	38	0	0	0	0	0
"Asv1792"	0	0	47	52	28	0	0
"Asv1793"	0	0	0	0	47	0	0
"Asv1794"	0	0	0	0	0	0	15
"Asv1795"	0	46	0	0	0	0	0
"Asv1796"	0	0	0	0	20	0	0
"Asv1797"	0	0	0	0	0	0	45
"Asv1798"	0	0	0	0	0	0	26
"Asv1799"	58	0	0	0	0	0	0
"Asv1800"	0	0	0	0	0	0	25
"Asv1801"	0	0	0	45	27	0	0
"Asv1802"	0	0	27	0	0	0	0
"Asv1803"	0	34	0	0	0	0	0
"Asv1804"	0	0	0	0	0	0	441
"Asv1805"	0	0	0	25	27	0	0
"Asv1806"	124	58	31	0	0	0	0
"Asv1807"	0	0	0	0	0	0	52
"Asv1808"	57	51	27	42	16	0	0
"Asv1809"	0	0	0	32	0	0	0
"Asv1810"	0	0	0	0	16	0	0
"Asv1811"	0	0	10	0	0	0	0
"Asv1812"	0	0	0	0	0	0	36
"Asv1813"	0	0	0	85	44	61	0
"Asv1814"	596	372	196	197	88	62	0
"Asv1815"	0	33	0	0	0	0	0
"Asv1816"	1381	9828	4649	1588	491	266	0
"Asv1817"	53	0	0	0	0	0	0
"Asv1818"	0	33	25	0	51	0	0
"Asv1819"	0	0	0	0	35	0	0
"Asv1820"	0	0	0	0	0	0	24
"Asv1821"	30	0	0	0	0	0	0
"Asv1822"	0	0	0	11	0	10	0
"Asv1823"	0	0	0	0	0	15	0
"Asv1824"	0	0	0	0	0	0	10
"Asv1825"	187	1157	445	182	33	0	0
"Asv1826"	0	0	0	0	0	0	28
"Asv1827"	51	0	0	0	0	0	0
"Asv1828"	37	0	0	0	0	0	0
"Asv1829"	0	27	38	38	27	0	0
"Asv1830"	0	0	0	0	0	0	73
"Asv1831"	0	0	59	0	0	0	0
"Asv1832"	0	0	0	0	0	0	35
"Asv1833"	267	92	56	0	43	0	0
"Asv1834"	0	0	0	0	0	0	7
"Asv1835"	0	48	0	0	0	0	0
"Asv1836"	0	0	0	3	0	0	0
"Asv1837"	0	0	0	0	18	0	0
"Asv1838"	0	0	0	0	0	8	0
"Asv1839"	1879	173	98	179	51	0	0
"Asv1840"	0	0	0	2	0	0	0
"Asv1841"	0	0	55	63	117	1193	0
"Asv1842"	0	0	0	0	0	0	26
"Asv1843"	0	26	0	0	0	0	0
"Asv1844"	0	18	39	46	0	0	0
"Asv1845"	0	0	0	0	0	0	42
"Asv1846"	60	0	0	0	0	0	0
"Asv1847"	0	0	19	0	0	0	0
"Asv1848"	0	0	0	35	0	0	0
"Asv1849"	0	0	0	0	0	28	0
"Asv1850"	0	0	27	0	0	0	0
"Asv1851"	0	0	0	0	0	0	32
"Asv1852"	0	0	0	0	51	0	0
"Asv1853"	0	32	26	0	0	0	0
"Asv1854"	8	26	24	0	51	24	0
"Asv1855"	0	0	0	0	0	0	3
"Asv1856"	338	272	131	75	38	56	0
"Asv1857"	0	0	0	0	0	0	59
"Asv1858"	0	17	0	0	0	0	0
"Asv1859"	0	51	46	67	107	52	0
"Asv1860"	0	0	22	0	0	0	0
"Asv1861"	0	20	0	0	0	0	0
"Asv1862"	0	0	18	0	0	0	0
"Asv1863"	0	39	0	0	0	0	0
"Asv1864"	33	0	0	0	0	0	0
"Asv1865"	0	0	8	0	0	0	0
"Asv1866"	0	0	0	0	0	0	18
"Asv1867"	35	0	0	0	0	0	0
"Asv1868"	0	0	0	0	55	0	0
"Asv1869"	0	33	0	0	0	0	0
"Asv1870"	0	0	20	0	0	0	0
"Asv1871"	72	0	22	0	0	0	0
"Asv1872"	124	28	75	67	0	27	0
"Asv1873"	0	74	0	0	19	0	0
"Asv1874"	0	0	0	0	0	0	305
"Asv1875"	0	25	0	0	0	33	0
"Asv1876"	256	4541	13071	16841	25942	29306	0
"Asv1877"	0	0	0	41	0	0	0
"Asv1878"	0	0	0	0	0	0	685
"Asv1879"	0	3	0	0	0	0	0
"Asv1880"	0	0	0	0	0	0	22
"Asv1881"	0	26	43	0	0	25	0
"Asv1882"	0	51	0	17	19	0	0
"Asv1883"	0	0	0	0	0	0	32
"Asv1884"	0	0	0	51	0	40	0
"Asv1885"	0	0	0	0	0	17	0
"Asv1886"	47	134	76	0	0	17	0
"Asv1887"	0	0	0	0	0	0	63
"Asv1888"	0	11	0	38	24	15	0
"Asv1889"	0	9	0	0	0	0	0
"Asv1890"	116	32	0	0	0	9	0
"Asv1891"	0	0	0	0	0	30	0
"Asv1892"	44	0	0	0	0	0	0
"Asv1893"	0	0	0	0	0	5	0
"Asv1894"	0	10	0	0	0	0	0
"Asv1895"	0	0	0	0	0	6	0
"Asv1896"	0	0	0	0	0	0	38
"Asv1897"	0	179	129	80	48	140	0
"Asv1898"	0	7	0	0	0	0	0
"Asv1899"	0	0	27	23	0	0	0
"Asv1900"	0	46	54	41	23	6	0
"Asv1901"	0	0	0	0	0	0	9
"Asv1902"	0	200	137	0	0	0	0
"Asv1903"	180	22	49	30	18	0	0
"Asv1904"	84	829	575	370	137	41	0
"Asv1905"	0	19	9	0	0	0	0
"Asv1906"	429	1408	850	568	301	39	0
"Asv1907"	0	20	15	0	0	0	0
"Asv1908"	0	0	2	0	0	0	0
"Asv1909"	0	19	0	0	0	0	0
"Asv1910"	0	0	0	29	48	60	0
"Asv1911"	0	0	0	0	0	33	0
"Asv1912"	0	29	31	0	66	47	0
"Asv1913"	0	0	0	0	0	0	25
"Asv1914"	103	1051	1138	402	170	60	0
"Asv1915"	0	0	0	0	0	0	209
"Asv1916"	118	0	0	0	0	0	0
"Asv1917"	0	0	0	21	0	0	0
"Asv1918"	0	0	0	30	0	0	0
"Asv1919"	162	2967	1967	795	299	167	0
"Asv1920"	0	0	0	0	0	0	16
"Asv1921"	0	0	0	0	0	0	35
"Asv1922"	0	0	0	0	0	0	6
"Asv1923"	0	0	3	0	0	0	0
"Asv1924"	0	0	0	0	0	11	0
"Asv1925"	0	0	0	0	0	0	5
"Asv1926"	0	86	38	71	0	0	0
"Asv1927"	0	0	60	0	0	0	0
"Asv1928"	0	0	0	0	0	0	40
"Asv1929"	0	0	0	0	0	0	44
"Asv1930"	0	0	0	0	0	0	12
"Asv1931"	0	34	0	0	0	0	0
"Asv1932"	0	0	0	0	0	0	31
"Asv1933"	0	0	0	0	0	0	25
"Asv1934"	69	0	0	0	0	0	0
"Asv1935"	896	146	53	83	23	37	0
"Asv1936"	0	0	0	0	0	0	1335
"Asv1937"	0	0	0	0	0	0	9
"Asv1938"	16	0	0	0	0	0	0
"Asv1939"	0	0	0	17	36	0	0
"Asv1940"	89	0	0	49	0	0	0
"Asv1941"	0	25	0	0	0	0	0
"Asv1942"	0	0	0	0	0	0	4
"Asv1943"	0	0	0	0	0	49	0
"Asv1944"	0	0	43	0	0	0	0
"Asv1945"	0	73	55	43	15	12	0
"Asv1946"	0	0	10	0	0	0	0
"Asv1947"	0	106	0	0	0	0	0
"Asv1948"	0	0	8	0	0	0	0
"Asv1949"	0	31	36	0	0	0	0
"Asv1950"	1627	554	294	272	77	58	0
"Asv1951"	71	340	213	77	93	81	0
"Asv1952"	0	0	0	0	9	0	0
"Asv1953"	0	0	15	0	0	0	0
"Asv1954"	0	0	0	0	0	0	135
"Asv1955"	22	0	0	0	0	0	0
"Asv1956"	59	0	0	0	0	0	0
"Asv1957"	6	0	0	0	0	0	0
"Asv1958"	0	0	9	0	0	0	0
"Asv1959"	0	165	138	64	37	188	0
"Asv1960"	0	0	0	0	0	0	3
"Asv1961"	23	394	210	70	75	0	0
"Asv1962"	16	0	0	0	17	0	0
"Asv1963"	0	0	0	0	0	43	0
"Asv1964"	6	55	0	0	0	0	0
"Asv1965"	0	27	45	0	29	42	0
"Asv1966"	0	20	0	0	0	0	0
"Asv1967"	0	0	0	0	8	0	0
"Asv1968"	0	33	0	0	0	0	0
"Asv1969"	33	0	0	0	0	0	0
"Asv1970"	0	24	0	17	0	0	0
"Asv1971"	75	0	14	0	0	0	0
"Asv1972"	0	0	0	0	0	0	32
"Asv1973"	0	0	0	0	0	0	51
"Asv1974"	0	0	0	0	0	0	47
"Asv1975"	0	0	0	0	0	0	74
"Asv1976"	0	0	8	0	11	38	0
"Asv1977"	0	0	0	0	0	0	38
"Asv1978"	0	0	0	6	0	0	0
"Asv1979"	0	0	35	0	0	0	0
"Asv1980"	28	0	0	0	0	0	0
"Asv1981"	0	0	0	0	0	0	69
"Asv1982"	0	0	0	27	0	0	0
"Asv1983"	0	41	0	0	0	0	0
"Asv1984"	0	19	0	0	0	0	0
"Asv1985"	0	0	0	0	0	0	15072
"Asv1986"	0	0	45	0	0	0	0
"Asv1987"	0	0	0	0	0	0	26
"Asv1988"	0	32	0	0	0	0	0
"Asv1989"	48	934	439	309	141	57	0
"Asv1990"	63	97	110	43	32	28	0
"Asv1991"	15	0	27	0	0	0	0
"Asv1992"	0	24	0	0	0	0	0
"Asv1993"	0	0	0	0	28	0	0
"Asv1994"	17	0	0	0	0	0	0
"Asv1995"	0	0	0	0	19	0	0
"Asv1996"	0	0	0	0	0	0	12
"Asv1997"	0	0	23	11	0	0	0
"Asv1998"	0	23	0	0	11	0	0
"Asv1999"	178	0	0	0	0	9	0
"Asv2000"	0	0	0	13	0	0	0
"Asv2001"	0	0	0	0	0	0	58
"Asv2002"	0	0	0	0	0	14	0
"Asv2003"	19	0	0	0	0	0	0
"Asv2004"	316	3238	3616	2062	1172	592	0
"Asv2005"	75	358	192	115	43	46	0
"Asv2006"	0	0	0	0	0	0	40
"Asv2007"	271	0	70	84	22	0	0
"Asv2008"	0	0	0	0	0	0	25
"Asv2009"	0	0	27	0	0	0	0
"Asv2010"	0	0	0	28	0	0	0
"Asv2011"	0	0	0	0	0	0	53
"Asv2012"	6	30	0	0	0	0	0
"Asv2013"	0	25	0	0	0	0	0
"Asv2014"	25	0	0	0	26	0	0
"Asv2015"	0	0	0	0	0	0	24
"Asv2016"	68	27	49	0	0	0	0
"Asv2017"	0	0	11	0	0	0	0
"Asv2018"	105	0	43	0	26	0	0
"Asv2019"	0	0	0	0	0	0	13
"Asv2020"	0	0	0	36	0	0	0
"Asv2021"	0	0	0	0	0	0	47
"Asv2022"	0	44	0	66	0	0	0
"Asv2023"	0	43	27	34	27	42	0
"Asv2024"	0	76	45	58	48	38	0
"Asv2025"	171	792	452	233	110	83	0
"Asv2026"	0	0	0	0	0	0	60
"Asv2027"	0	0	0	0	0	0	19
"Asv2028"	0	0	0	0	0	0	31
"Asv2029"	0	0	0	0	0	0	2630
"Asv2030"	0	0	14	28	0	51	0
"Asv2031"	0	17	52	0	11	0	0
"Asv2032"	305	0	0	0	32	0	0
"Asv2033"	0	0	0	0	0	0	589
"Asv2034"	0	0	0	13	0	0	0
"Asv2035"	0	0	0	0	0	7	0
"Asv2036"	0	0	0	32	0	0	0
"Asv2037"	0	0	0	0	0	0	11
"Asv2038"	0	0	0	0	0	21	0
"Asv2039"	0	0	0	51	0	0	0
"Asv2040"	0	0	0	0	0	0	40
"Asv2041"	0	18	0	0	0	0	0
"Asv2042"	0	0	0	0	11	0	0
"Asv2043"	0	0	18	22	0	24	0
"Asv2044"	326	140	64	59	77	0	0
"Asv2045"	0	104	87	45	0	0	0
"Asv2046"	0	34	28	0	49	36	0
"Asv2047"	0	0	46	0	0	0	0
"Asv2048"	0	0	31	0	0	0	0
"Asv2049"	0	0	0	0	0	0	60
"Asv2050"	24	0	0	0	0	0	0
"Asv2051"	290	635	467	218	114	85	0
"Asv2052"	61	0	0	0	0	0	0
"Asv2053"	0	0	11	6	0	27	0
"Asv2054"	0	0	6	10	0	0	0
"Asv2055"	0	0	3	0	0	0	0
"Asv2056"	0	0	0	14	0	0	0
"Asv2057"	0	0	0	0	0	0	44
"Asv2058"	0	0	0	0	0	0	17
"Asv2059"	169	585	293	114	40	27	0
"Asv2060"	0	0	0	0	0	0	48
"Asv2061"	0	289	302	153	57	0	0
"Asv2062"	52	121	76	32	35	0	0
"Asv2063"	0	0	0	0	17	0	0
"Asv2064"	93	46	75	63	0	0	0
"Asv2065"	0	32	0	0	0	0	0
"Asv2066"	0	0	0	0	0	0	37
"Asv2067"	0	0	56	0	14	68	0
"Asv2068"	0	0	0	0	0	0	20
"Asv2069"	0	0	0	0	0	0	43
"Asv2070"	0	0	0	0	0	0	11
"Asv2071"	0	83	54	34	37	0	0
"Asv2072"	0	0	0	0	0	0	38
"Asv2073"	0	42	37	0	0	0	0
"Asv2074"	0	0	13	13	12	0	0
"Asv2075"	0	0	22	0	0	0	0
"Asv2076"	11	0	0	0	0	0	0
"Asv2077"	0	22	0	0	0	0	0
"Asv2078"	0	56	0	0	0	0	0
"Asv2079"	0	0	0	0	0	0	86
"Asv2080"	0	25	21	0	0	0	0
"Asv2081"	0	0	0	0	4	0	0
"Asv2082"	0	0	17	0	0	0	0
"Asv2083"	21	0	0	0	0	0	0
"Asv2084"	18	0	0	0	0	0	0
"Asv2085"	0	41	21	64	0	0	0
"Asv2086"	0	0	0	55	0	0	0
"Asv2087"	14	0	0	0	0	0	0
"Asv2088"	0	0	0	0	0	0	30
"Asv2089"	0	0	0	0	0	0	9
"Asv2090"	0	0	0	5	0	0	0
"Asv2091"	0	71	92	82	81	89	0
"Asv2092"	0	7	0	0	0	0	0
"Asv2093"	0	129	75	35	0	0	0
"Asv2094"	0	0	21	22	10	0	0
"Asv2095"	0	0	0	0	0	11	0
"Asv2096"	9	40	102	81	125	443	0
"Asv2097"	0	199	159	47	32	52	0
"Asv2098"	0	0	0	0	3	0	0
"Asv2099"	0	40	66	97	143	38	0
"Asv2100"	0	0	22	0	0	0	0
"Asv2101"	0	0	61	0	0	0	0
"Asv2102"	0	0	0	0	0	0	44
"Asv2103"	0	0	0	0	0	0	14
"Asv2104"	29	24	63	14	0	0	0
"Asv2105"	0	0	0	0	0	0	11
"Asv2106"	0	0	0	0	41	38	0
"Asv2107"	0	40	0	0	0	0	0
"Asv2108"	0	0	0	0	0	0	28
"Asv2109"	0	0	0	0	0	0	33
"Asv2110"	0	0	0	53	29	0	0
"Asv2111"	0	57	70	34	28	57	0
"Asv2112"	0	0	0	0	0	0	106
"Asv2113"	34	0	29	0	29	0	0
"Asv2114"	0	0	0	0	0	0	39
"Asv2115"	0	0	0	0	0	0	43
"Asv2116"	0	65	30	46	0	0	0
"Asv2117"	37	34	40	0	0	0	0
"Asv2118"	27	5	0	0	0	0	0
"Asv2119"	0	0	0	0	0	0	27
"Asv2120"	68	0	0	0	0	0	0
"Asv2121"	0	0	0	0	0	0	30
"Asv2122"	0	0	0	0	0	0	65
"Asv2123"	126	716	602	344	142	36	0
"Asv2124"	0	0	0	0	0	0	23
"Asv2125"	0	70	0	0	0	0	0
"Asv2126"	0	0	0	0	0	0	68
"Asv2127"	0	34	0	0	0	0	0
"Asv2128"	0	0	65	36	26	0	0
"Asv2129"	19	0	0	0	0	0	0
"Asv2130"	34	235	144	68	36	20	0
"Asv2131"	0	0	0	0	0	0	37
"Asv2132"	0	494	795	1066	864	158	0
"Asv2133"	0	0	0	0	0	0	42
"Asv2134"	0	0	0	0	0	0	20
"Asv2135"	37	0	0	0	0	0	0
"Asv2136"	0	0	0	0	0	69	0
"Asv2137"	0	0	22	0	0	0	0
"Asv2138"	20	36	35	0	41	11	0
"Asv2139"	0	0	37	0	17	0	0
"Asv2140"	0	0	0	0	0	0	133
"Asv2141"	0	0	0	36	0	0	0
"Asv2142"	0	0	0	0	15	0	0
"Asv2143"	464	0	0	40	62	0	0
"Asv2144"	0	0	0	0	0	3	0
"Asv2145"	0	54	50	48	49	0	0
"Asv2146"	0	0	0	0	0	19	0
"Asv2147"	0	0	0	15	0	23	0
"Asv2148"	106	179	58	43	0	25	0
"Asv2149"	17	0	0	0	0	0	0
"Asv2150"	0	75	0	0	0	0	0
"Asv2151"	0	0	0	0	0	21	0
"Asv2152"	0	0	0	0	0	0	31
"Asv2153"	0	0	25	0	0	0	0
"Asv2154"	0	0	18	0	0	0	0
"Asv2155"	0	0	0	0	0	0	12
"Asv2156"	0	0	10	0	0	0	0
"Asv2157"	0	8	0	0	0	26	0
"Asv2158"	44	0	0	0	0	0	0
"Asv2159"	0	0	3	0	0	0	0
"Asv2160"	0	0	0	0	43	0	0
"Asv2161"	0	0	7	0	0	0	0
"Asv2162"	11	24	30	0	49	0	0
"Asv2163"	0	0	15	0	0	0	0
"Asv2164"	0	0	27	0	0	0	0
"Asv2165"	23	0	0	0	0	0	0
"Asv2166"	9	68	94	32	24	26	0
"Asv2167"	0	0	0	0	6	0	0
"Asv2168"	0	0	0	24	0	0	0
"Asv2169"	0	102	103	57	55	70	0
"Asv2170"	0	0	0	0	0	39	0
"Asv2171"	0	28	0	0	0	0	0
"Asv2172"	0	0	0	0	0	0	98
"Asv2173"	0	0	21	7	0	0	0
"Asv2174"	0	35	17	0	0	0	0
"Asv2175"	0	53	48	50	0	0	0
"Asv2176"	0	0	22	0	0	0	0
"Asv2177"	39	0	0	0	0	0	0
"Asv2178"	0	0	0	0	4	0	0
"Asv2179"	9	0	0	0	0	0	0
"Asv2180"	0	0	0	39	0	38	0
"Asv2181"	0	0	0	0	0	0	24
"Asv2182"	0	0	0	0	0	0	53
"Asv2183"	0	22	0	0	0	0	0
"Asv2184"	334	0	0	77	0	20	0
"Asv2185"	0	0	37	0	0	0	0
"Asv2186"	0	27	0	41	49	69	0
"Asv2187"	0	0	0	0	0	0	18
"Asv2188"	13	0	0	0	0	0	0
"Asv2189"	0	0	0	0	0	0	10
"Asv2190"	0	0	0	0	6	0	0
"Asv2191"	0	0	48	68	96	56	0
"Asv2192"	0	0	0	0	0	0	47
"Asv2193"	0	0	50	0	0	0	0
"Asv2194"	0	0	0	0	28	0	0
"Asv2195"	0	63	0	0	0	0	0
"Asv2196"	0	0	0	0	0	0	8
"Asv2197"	27	0	0	0	0	0	0
"Asv2198"	0	0	0	0	0	0	14
"Asv2199"	0	35	85	0	0	0	0
"Asv2200"	70	908	402	113	25	0	0
"Asv2201"	0	21	0	22	0	0	0
"Asv2202"	0	0	0	0	0	0	66
"Asv2203"	0	0	0	0	0	0	17
"Asv2204"	50	0	0	0	0	0	0
"Asv2205"	0	0	0	0	0	0	19
"Asv2206"	362	298	167	94	31	35	0
"Asv2207"	0	0	21	0	0	0	0
"Asv2208"	1821	294	192	194	75	72	0
"Asv2209"	32	0	0	0	0	0	0
"Asv2210"	0	0	0	0	0	36	0
"Asv2211"	0	0	0	0	0	0	13
"Asv2212"	0	0	0	0	0	8	0
"Asv2213"	0	0	35	0	0	0	0
"Asv2214"	0	0	0	0	0	0	1230
"Asv2215"	0	17	0	0	0	0	0
"Asv2216"	0	0	0	0	0	41	0
"Asv2217"	56	0	0	0	0	0	0
"Asv2218"	269	23	0	47	0	0	0
"Asv2219"	44	0	0	0	0	0	0
"Asv2220"	0	63	0	28	0	0	0
"Asv2221"	0	81	48	76	0	0	0
"Asv2222"	0	0	54	0	0	0	0
"Asv2223"	0	0	0	8	0	0	0
"Asv2224"	0	0	0	0	11	0	0
"Asv2225"	0	0	0	0	0	0	69
"Asv2226"	0	0	0	0	0	0	27
"Asv2227"	0	0	15	0	0	0	0
"Asv2228"	5	0	0	0	0	0	0
"Asv2229"	0	0	0	0	0	0	27249
"Asv2230"	0	0	0	34	18	0	0
"Asv2231"	14	0	0	0	0	0	0
"Asv2232"	0	0	0	0	0	0	28
"Asv2233"	0	0	38	28	0	0	0
"Asv2234"	121	0	0	0	0	0	0
"Asv2235"	0	0	0	0	0	61	0
"Asv2236"	0	0	0	0	0	0	19
"Asv2237"	0	114	202	176	111	389	0
"Asv2238"	0	0	0	14	0	0	0
"Asv2239"	17	66	85	31	21	72	0
"Asv2240"	44	0	0	0	0	0	0
"Asv2241"	0	0	61	0	0	0	0
"Asv2242"	0	0	0	0	0	0	55
"Asv2243"	34	0	40	0	0	0	0
"Asv2244"	0	0	0	0	45	89	0
"Asv2245"	222	0	0	0	0	0	0
"Asv2246"	0	0	0	0	0	0	67
"Asv2247"	0	0	0	0	0	8	0
"Asv2248"	0	0	0	0	0	0	11
"Asv2249"	619	1130	703	508	269	46	0
"Asv2250"	0	31	33	0	0	0	0
"Asv2251"	0	0	0	10	18	109	0
"Asv2252"	0	104	63	47	0	0	0
"Asv2253"	0	0	6	0	0	0	0
"Asv2254"	0	0	0	0	0	0	41
"Asv2255"	0	84	63	31	63	46	0
"Asv2256"	0	45	85	38	54	25	0
"Asv2257"	0	0	7	0	0	0	0
"Asv2258"	0	0	0	0	0	0	35
"Asv2259"	45	0	0	0	0	0	0
"Asv2260"	0	0	0	0	0	0	11
"Asv2261"	0	47	28	0	37	0	0
"Asv2262"	0	0	0	0	27	0	0
"Asv2263"	23	0	0	0	0	0	0
"Asv2264"	0	0	22	0	0	0	0
"Asv2265"	45	0	0	0	0	0	0
"Asv2266"	0	0	0	0	0	0	4
"Asv2267"	0	0	0	13	0	0	0
"Asv2268"	0	20	16	0	0	0	0
"Asv2269"	9	78	85	38	21	24	0
"Asv2270"	0	0	0	0	0	30	0
"Asv2271"	0	0	0	0	0	0	8
"Asv2272"	0	0	0	0	44	0	0
"Asv2273"	0	0	0	0	0	14	0
"Asv2274"	44	34	28	0	0	44	0
"Asv2275"	0	0	0	0	0	52	0
"Asv2276"	0	99	33	34	0	0	0
"Asv2277"	0	0	0	0	0	6	0
"Asv2278"	0	0	6	0	0	0	0
"Asv2279"	0	0	0	0	0	63	0
"Asv2280"	0	0	0	0	0	0	38
"Asv2281"	0	257	164	81	67	195	0
"Asv2282"	19	0	0	0	0	0	0
"Asv2283"	0	0	32	0	0	0	0
"Asv2284"	0	0	0	0	33	0	0
"Asv2285"	0	0	0	0	49	0	0
"Asv2286"	0	0	0	0	6	0	0
"Asv2287"	0	0	0	0	30	0	0
"Asv2288"	21	0	0	0	0	0	0
"Asv2289"	0	49	56	36	0	0	0
"Asv2290"	50	0	0	0	11	0	0
"Asv2291"	0	0	0	0	0	36	0
"Asv2292"	0	0	6	0	0	21	0
"Asv2293"	0	20	59	0	0	0	0
"Asv2294"	0	0	0	0	0	0	25
"Asv2295"	0	43	60	35	0	0	0
"Asv2296"	0	0	0	0	0	0	45
"Asv2297"	0	65	34	0	0	32	0
"Asv2298"	0	0	0	0	0	5	0
"Asv2299"	7	48	44	0	0	0	0
"Asv2300"	0	0	0	0	0	0	21
"Asv2301"	5276	1365	632	494	150	122	0
"Asv2302"	0	0	0	0	0	0	12
"Asv2303"	0	0	0	32	0	0	0
"Asv2304"	330	85	47	49	0	44	0
"Asv2305"	10	0	0	0	63	16	0
"Asv2306"	0	3	0	0	0	0	0
"Asv2307"	0	0	0	0	8	0	0
"Asv2308"	0	0	0	0	0	0	19
"Asv2309"	20	81	68	39	25	0	0
"Asv2310"	0	37	0	0	0	0	0
"Asv2311"	0	0	21	0	0	0	0
"Asv2312"	140	0	0	0	0	0	0
"Asv2313"	0	101	40	60	0	0	0
"Asv2314"	0	52	35	0	36	0	0
"Asv2315"	0	0	0	0	0	0	27
"Asv2316"	0	30	0	0	54	0	0
"Asv2317"	0	0	0	0	0	0	315
"Asv2318"	0	0	0	0	0	0	14
"Asv2319"	0	0	0	0	0	0	15
"Asv2320"	40	144	82	38	0	0	0
"Asv2321"	0	19	0	0	0	0	0
"Asv2322"	0	0	0	0	0	0	53
"Asv2323"	0	48	39	0	0	0	0
"Asv2324"	0	0	0	0	0	0	39
"Asv2325"	45	27	0	0	0	0	0
"Asv2326"	0	0	0	0	0	0	51
"Asv2327"	0	0	0	0	0	0	25
"Asv2328"	0	22	0	0	0	0	0
"Asv2329"	0	0	14	0	0	0	0
"Asv2330"	0	0	0	0	0	8	0
"Asv2331"	0	0	0	0	0	0	80
"Asv2332"	0	0	9	0	0	0	0
"Asv2333"	0	73	62	53	0	0	0
"Asv2334"	0	55	0	0	0	0	0
"Asv2335"	0	21	0	7	0	0	0
"Asv2336"	36	0	0	0	0	0	0
"Asv2337"	0	64	40	0	0	0	0
"Asv2338"	45	80	0	26	0	0	0
"Asv2339"	85	0	0	0	0	0	0
"Asv2340"	0	43	90	118	125	141	0
"Asv2341"	0	0	0	0	0	0	12
"Asv2342"	0	34	37	46	32	0	0
"Asv2343"	0	0	0	0	0	0	21
"Asv2344"	0	11	0	0	0	0	0
"Asv2345"	0	0	0	0	0	0	410
"Asv2346"	0	0	0	0	0	0	30
"Asv2347"	30	0	0	20	0	0	0
"Asv2348"	0	0	0	20	22	0	0
"Asv2349"	0	38	0	0	0	0	0
"Asv2350"	45	0	0	0	0	0	0
"Asv2351"	0	0	0	0	0	6	0
